iteration,b0,b1,b2,b3,q,r,h,loglik,predicted,var,actual
0,-0.004035128449425572,0.9579145225060748,-0.012188040095570278,0.05245781025024522,0.09479575251504266,0.18116765478262778,0.1578621634352184,-9748.633113093534,-4.018792076866834,0.053365026167381376,-3.8551425372029224
1,-0.06790976882714422,0.9016170026910939,0.0430574030206175,0.039357415460519164,0.10572761231902317,0.17730769981276312,0.1578621634352184,-9747.982585492653,-3.9603890874150354,0.054671089361711556,-4.120632152620318
2,0.002261468725088425,1.0202228805062696,-0.06867531322907322,0.048195854203489,0.08336937074005271,-0.18427638854479983,0.1578621634352184,-9748.050528587833,-4.004629208624986,0.05208217274915013,-3.897493842832706
3,0.0010665543771672683,0.9890295610695213,-0.03985464632748731,0.05022710644501247,0.08891521264355828,-0.18266148143633465,0.1578621634352184,-9748.004809310263,-3.9493072530221376,0.05266378970110754,-3.8955475006039455
4,0.0007947945738263544,1.056596056841788,-0.10497149104193484,0.04780836302375363,0.07550875777645183,0.18664023623671291,0.1578621634352184,-9747.91826324105,-3.9217093069931357,0.05103769114031134,-3.72244202707646
5,-0.04231676208755637,1.0777671139988327,-0.12622571878223315,0.038382473250638566,0.07195701046356154,0.18759647198986895,0.1578621634352184,-9747.200556027941,-3.8621884484342437,0.0505247761434802,-3.594577448471106
6,0.010320334039923228,1.1238408403972913,-0.17570564240852637,0.0534454460576885,0.06421259086009581,0.18914413611585468,0.1578621634352184,-9747.760334593031,-3.7373566601507653,0.04999071367630201,-3.812643372869577
7,-0.04531626314666842,1.039522697464459,-0.09671463188517906,0.04630550293131831,0.08039168627523971,0.18386820540694315,0.1578621634352184,-9745.701963665757,-3.8012253835694754,0.05141759029709308,-3.921370935408492
8,-0.004699786125807255,0.9859186994219572,-0.05148694264640008,0.06353241559798146,0.08997667355772343,0.18080891386210302,0.1578621634352184,-9746.197307128945,-3.8460538106449835,0.052525485915286496,-3.907823712286206
9,0.0036370169359317547,0.9964950970450889,-0.060445474262001864,0.06382706998492044,-0.08854099271571622,0.18111254588429426,0.1578621634352184,-9746.094718626277,-3.8683756896329666,0.052468078599140155,-3.764687961588491
10,-0.0581307085205765,0.940819758167781,-0.006110558397630585,0.051389187749805165,0.09996207479379073,0.17719248991108533,0.1578621634352184,-9745.360327574801,-3.846655715769062,0.05381204197523343,-3.818172512443897
11,0.0015674087243489117,0.9293524334842508,0.003075297262822193,0.06688227800654342,0.1016727660334646,0.1766961248292555,0.1578621634352184,-9746.006496242388,-3.8247709127293117,0.05415849094910596,-3.966358507613185
12,0.0025427418677509885,0.9603999522166684,-0.024622221065979957,0.06385228169700083,0.09591710352768645,0.1788433659461247,0.1578621634352184,-9746.057173143103,-3.883941649698695,0.05346684924953986,-3.8739644224614294
13,-0.022208963448682686,1.0332453386729705,-0.08783726706608408,0.048883076046735245,0.08154751722856815,0.18326667111524175,0.1578621634352184,-9745.356083363145,-3.886406268313161,0.05163994862550825,-3.9914516045959534
14,-0.006808809945403785,1.006688403686197,-0.06660433843759608,0.05757278910993993,0.08715691201425357,0.18151510644781982,0.1578621634352184,-9745.719362046177,-3.922919588333089,0.05237537880250645,-3.804394032616197
15,0.001461761470270963,0.9493537357377086,-0.018762587471142428,0.06874453096087399,0.09864951662025762,0.17750486104916363,0.1578621634352184,-9745.789106317688,-3.8634706997502875,0.05381211707171348,-3.817884156520246
16,0.0020618950560866147,0.4323999219743765,0.4312132316859584,0.13493338532813237,0.22887700865738847,-0.0060142498605077355,0.1578621634352184,-9746.585217360227,-3.8507206765768003,0.08538673222832516,-4.009202331665164
17,0.0020703262309417995,0.43613999030424566,0.42674606296157913,0.1357139842548557,0.2291268653281054,0.006571815061268634,0.1578621634352184,-9746.898279733583,-3.923320371012946,0.08549341790331697,-4.051621428114625
18,0.0007291436922925996,0.8139975981415073,0.11108129843010497,0.07392203054864549,0.12506013399996393,0.16583300567471387,0.1578621634352184,-9745.562056851513,-3.9611739220081623,0.0576492825634226,-3.8786278689971625
19,0.0006470014812352328,0.7937027823729896,0.14277869330884935,0.06262412370142428,0.12969004286314023,0.1628771210856598,0.1578621634352184,-9744.303690816396,-3.911178004973118,0.05854797220016408,-3.7832892940571994
20,0.001980066719280645,0.8558359459046008,0.08608758932034105,0.05755792160918066,0.11738904307719306,0.16887964785893844,0.1578621634352184,-9744.546826145568,-3.8526709574544653,0.05659220034034172,-3.961590224712464
21,0.0011211866297437096,0.8701531903266547,0.0756760311549351,0.053521276084875634,0.11452456228547803,0.1703702857590651,0.1578621634352184,-9744.69209084695,-3.901326245923656,0.056206764409068126,-4.099520863325476
22,0.0012083316341256517,0.8750161539502239,0.07338818149319937,0.05099810957968599,0.1133163751709162,0.1709762247413249,0.1578621634352184,-9744.948440830323,-3.978880781923447,0.056035030950517366,-4.147650949651165
23,0.0006644112071414801,0.7368851058666477,0.20268922967350989,0.05945064509149271,0.14061603298842,0.1560643248836634,0.1578621634352184,-9744.215778375028,-4.032973605514537,0.060477909049100456,-4.346336781817844
24,0.001094231094748736,0.5698780511446905,0.35531312835568574,0.07384194267512045,0.18236345736946724,0.12104783907907259,0.1578621634352184,-9744.345840644663,-4.143278641433729,0.07029674880745644,-3.8687872669415344
25,0.00028139043670081403,1.3395578457859758,-0.37661417701503913,0.03682641161808587,0.021980203580221895,0.19493288372953155,0.1578621634352184,-9744.042430979678,-4.0188749809922255,0.04478103262025873,-3.8108315206765537
26,0.002059203149758878,1.0507291776400223,-0.09169269667413182,0.04072697604063569,0.07712172955962307,0.1826408688905254,0.1578621634352184,-9743.749571774944,-3.9222122210644135,0.05113747469089308,-3.9620751048145118
27,0.0021405936905485607,0.44355845928308424,0.44513443389629015,0.11006274701368915,0.22753024329291555,-0.004760228650713598,0.1578621634352184,-9744.895098446694,-3.9644093842670873,0.0848025814145744,-3.6166007026752442
28,0.0028305469201479532,0.9684573040308408,-0.017621491850189963,0.04886238565708266,0.09290553204180632,-0.17767129505897766,0.1578621634352184,-9743.838200752467,-3.798424519404831,0.05290426476924738,-3.9609176771294443
29,-0.00029010825119084316,1.0651588844489486,-0.10796064789704343,0.041993712232986743,0.07295981671087842,-0.18392865014878343,0.1578621634352184,-9743.620354391478,-3.869210368000384,0.05042653094228182,-4.003697130762886
30,0.0020370007262280514,1.0843812528398378,-0.12745284419272696,0.04282238595068921,0.0693936900782604,0.184886066254798,0.1578621634352184,-9743.638371668485,-3.916440323992789,0.05004993790809418,-4.023568121682277
31,0.0010668836803833077,1.016503031045053,-0.06522075253453848,0.048124093909707,0.08266659804474114,0.18095652502486248,0.1578621634352184,-9743.451121234382,-3.9557797793451726,0.051508923614817646,-3.929041173531172
32,-0.06804434158564844,0.9669266971909312,-0.01812166549266108,0.03502177715304781,0.09223363260945974,-0.17769221099721805,0.1578621634352184,-9742.261079883248,-3.961681140209663,0.05243100775209637,-3.9062831109576543
33,0.0007156760674123274,1.0753532900259097,-0.12277510819400136,0.046838788135729705,0.07082061090909922,-0.1840564414602495,0.1578621634352184,-9742.896518291016,-3.919300484468111,0.05004868235143044,-4.220617227282322
34,-0.049230970974969965,1.1004335675857837,-0.14697246034130274,0.03482403871460019,0.06637776259616528,-0.1853579416921849,0.1578621634352184,-9742.090352882055,-4.055509566617826,0.04942181981433041,-4.278485353395667
35,-0.060907635798738265,1.0402460311751323,-0.09243269345880482,0.03775778322228868,0.07883216460327488,-0.18187657913477462,0.1578621634352184,-9742.231129824077,-4.141856282115149,0.050867315392881945,-4.30477751151295
36,-0.0006080874837624652,1.0584432767852987,-0.11529980748644839,0.05597885189241847,0.07558183890033085,-0.18284639637320238,0.1578621634352184,-9743.403529143146,-4.1735964006108555,0.0506753042533784,-4.266975822666292
37,0.0012803971457721018,1.1108489873967173,-0.16765232952638875,0.056464112817552106,0.0669162745123592,-0.18347388351071753,0.1578621634352184,-9741.738493587709,-4.192092195673205,0.049790823420663814,-4.136892791333439
38,0.0033195948925774806,1.0490264630220603,-0.1155201754823384,0.06646768785394833,0.07937969225623293,-0.1796774659180133,0.1578621634352184,-9741.30730055067,-4.145015200421664,0.05113768145898195,-3.991855321399575
39,-0.0003273241128212027,0.982560938519891,-0.060891661648170343,0.0773024322149368,0.0922466276222223,0.1753355702123422,0.1578621634352184,-9740.892513190753,-4.060139523608949,0.05254790395775247,-3.983798820294018
40,0.0033797284592660603,0.9035660160719805,0.009891844886146854,0.08619713071118867,0.10745548796602938,-0.1694041977774618,0.1578621634352184,-9741.032426229882,-4.017341238286258,0.05451222686052419,-4.038955626855144
41,0.0018648089177694198,0.46168588840095093,0.4008745311153825,0.13620362264022184,0.2248285099388841,-0.002758749939332461,0.1578621634352184,-9741.319472500718,-4.039446846935887,0.0834840810843623,-4.081707469955508
42,0.00038843183148030253,0.8468634625137635,0.07727013833039387,0.07493573398322129,0.11755612128140636,-0.1643189452845023,0.1578621634352184,-9739.288885397878,-4.047182937682795,0.05594243981399381,-3.9576829050230184
43,0.001694798825038505,0.9227371989537931,0.017017199860731864,0.05987556417813866,0.10525350976656245,0.1677211816939556,0.1578621634352184,-9736.90497879011,-4.002892886018102,0.05440135779749961,-3.9396332912892635
44,0.0015009182949899062,0.8841127028097588,0.052403245008372776,0.06295781770635933,0.11201256393785985,0.16463248493906713,0.1578621634352184,-9736.557288708558,-3.9746670894323124,0.055225475557414194,-4.065990826776145
45,0.0009455487963700535,0.8115250298311278,0.11967009380924103,0.06803496280911778,0.12615156308058761,0.1576675818338904,0.1578621634352184,-9736.444047179042,-4.016658091354453,0.057369510010672205,-3.9629394369603137
46,0.0015189921950477152,0.9414772365569082,0.0017454648468203213,0.05637983704228641,0.1015512624775588,0.16834133912943772,0.1578621634352184,-9736.104664552671,-3.9875248516199018,0.05386125604778605,-4.123148674712756
47,0.0018183016861345702,0.9586031669271817,-0.01338397422888868,0.05448318189626179,0.09797755441990014,0.1698562981337341,0.1578621634352184,-9736.264902167844,-4.043272738187369,0.05339731467546099,-4.431449929498692
48,0.0017827586632279172,0.8828766985176695,0.05375852384329735,0.06293232550516412,0.11295141803146563,0.1633633633407438,0.1578621634352184,-9736.092405445299,-4.202191806597131,0.055374528521179,-4.3459827884817015
49,-0.10478223830269422,0.8646911370398784,0.08059568598397027,0.030210810166603555,0.1155327223437417,0.16218192980311785,0.1578621634352184,-9734.735384003008,-4.258793145133966,0.05550250241690635,-4.292059666656917
50,0.0018164716652962847,0.9230192330178923,0.023592574826870202,0.05312687780132287,0.10621665634982888,0.16586223209514128,0.1578621634352184,-9736.011816721784,-4.241062843543136,0.054612098669187426,-4.200671884009261
51,0.0016618500489580983,0.918904245251042,0.028968941404566365,0.051800048501938055,0.10647905519408693,0.16590419423823582,0.1578621634352184,-9736.019971937834,-4.204814151801237,0.05461135696742642,-4.299821769092641
52,-0.10592404415294376,0.8847154392301437,0.06750093452172282,0.02303578064530147,0.11070687684307194,0.16387663624330898,0.1578621634352184,-9734.198142056262,-4.253974297412832,0.054727981367457185,-4.347594888767539
53,-0.10538156918271119,0.8995077713669488,0.05604512280081318,0.01988412414179285,0.10806352933382447,-0.16496481950467623,0.1578621634352184,-9734.135584907435,-4.288946985587667,0.05441157309183313,-4.275964930597767
54,0.0010685525626333622,0.8565982966519768,0.09471639605841975,0.04818039646717241,0.1179595156682895,0.16064090768315897,0.1578621634352184,-9735.801545576298,-4.255595338164491,0.056232430781939916,-4.504323763236925
55,-0.0981973441095136,0.9528914768061569,0.00637351363477762,0.017890751822727147,0.0978529188331497,0.1690383022921514,0.1578621634352184,-9734.347656534595,-4.3676663308567,0.053099347888674875,-4.5645146300576815
56,-0.0020794799978833835,0.998842601405668,-0.03801504601448712,0.03816990860493951,0.08901517214972832,0.17220213480128924,0.1578621634352184,-9736.15384936566,-4.419814409405672,0.052256956360028806,-4.13889257330517
57,0.0013451211495568763,1.042950988548897,-0.08287314533794884,0.03970375208937847,0.08067597041432038,-0.17524841176719091,0.1578621634352184,-9736.605309024812,-4.279514920881591,0.051336007763178065,-4.290773166311312
58,0.0006380839112482583,0.9088700019917904,0.04337050322743218,0.04716813459859545,0.10682459386473164,-0.16508180114027504,0.1578621634352184,-9735.541677658124,-4.2727327304801515,0.05447044496579172,-4.217863021408673
59,-0.02114624085871348,1.3237283596226153,-0.36315998026853824,0.03432902197847495,0.022276404135780685,-0.18875222119286847,0.1578621634352184,-9733.070165461717,-4.253010955510031,0.04354894293291531,-4.1263985184579655
60,0.0035799158180553044,1.310626289611971,-0.3521247078170696,0.04198169200560778,0.025121771546999835,0.1877406068332132,0.1578621634352184,-9733.645805496722,-4.179521978700515,0.04421984688700903,-4.2001988808211
61,0.001944972962377363,1.2903136267973143,-0.3339154936288168,0.04368693179598193,0.028327884236940035,0.18571895860202148,0.1578621634352184,-9731.873371806392,-4.173526819691161,0.04438405921362518,-4.428103894948044
62,0.0006907332753431414,1.1813834020662473,-0.22752807338401093,0.045797052109176575,0.049272675998304455,-0.18070765297221394,0.1578621634352184,-9731.257577941109,-4.261089457544751,0.046820084662381745,-4.470199033231213
63,0.0014229729482691132,1.0721271418624003,-0.1264631678217617,0.05402704021489017,0.07233948385374958,0.17457158268395234,0.1578621634352184,-9731.60747891183,-4.338150985355743,0.049539782258324436,-4.018183832179463
64,-0.059548688345864395,1.1257147963338507,-0.18188100877669375,0.041995214437971266,0.0599883150963882,0.17853608075188335,0.1578621634352184,-9730.156666760098,-4.206806569908764,0.04765111504312613,-4.403104683260067
65,0.0014734830414000733,1.1226685956232898,-0.1839279706517539,0.06099841209784712,0.06085878852533361,-0.17855598120466382,0.1578621634352184,-9731.708675945885,-4.2683370360155655,0.04799021446222386,-4.30252775190645
66,0.005894417751158509,1.1346641962115718,-0.2022693821769636,0.06839260660495855,0.05955781462070445,-0.17732416729297595,0.1578621634352184,-9729.853307576388,-4.267933882542961,0.047841562972416825,-4.1643722697011585
67,0.002506560406309897,1.1147242706409903,-0.19151702668254889,0.0767669548367928,0.06338416020695173,0.1759848553359316,0.1578621634352184,-9729.147048438612,-4.217430018750595,0.048133840348324845,-4.560055167661673
68,-0.07608149850018334,1.0418909880793858,-0.1361515741876586,0.0761560244124875,0.07776785347641998,-0.17113208005981184,0.1578621634352184,-9727.240748221673,-4.362621314184273,0.04937981896609159,-4.737033755458032
69,-0.08137615410026655,1.0196193221336234,-0.12110868341903226,0.08223070264279314,0.08372229177920859,0.16927038070461126,0.1578621634352184,-9727.631881116891,-4.503468892320159,0.05026426360607107,-4.190081296130174
70,0.0018188851203612424,0.9747004207427409,-0.09193568409664471,0.11689615349856503,0.0908082687045483,0.16761442011227531,0.1578621634352184,-9729.545214699143,-4.334193520675324,0.05119378099685385,-4.394007767740488
71,-0.09392389014913022,0.9306503536418529,-0.05407808511304933,0.10115936835905531,0.09980572081241992,0.16422866794658927,0.1578621634352184,-9727.986392967596,-4.355252385018113,0.05214643385386747,-4.370981382723404
72,0.001571303730465817,0.9065078139204431,-0.028100812177182133,0.12128883235701152,0.10408479603943147,0.16234546105377246,0.1578621634352184,-9728.190013924152,-4.342504911982841,0.052939250686443895,-4.45611137879641
73,0.0011536703047707506,0.8568426058282087,0.026320392766806498,0.11648310136878459,0.11316065522052032,0.1587264864489603,0.1578621634352184,-9727.989880243065,-4.381127016381892,0.054245216493914235,-4.31600813361247
74,0.0012304030647834344,0.7642508096444516,0.11611880117337947,0.11923063693179509,0.12960252178176582,0.15010138548000412,0.1578621634352184,-9727.509796160564,-4.338399524140272,0.05678446567509522,-4.480009564839262
75,-0.14085121462013245,0.6757017906125526,0.2426814756440065,0.04877893489617973,0.14028985897436186,0.14318566202420013,0.1578621634352184,-9724.2389263441,-4.404500908612809,0.05824969542034807,-4.7034743640342755
76,-0.22247911133230053,0.4230875965236829,0.4595547759872055,0.06598443568355747,0.2045670833044154,-0.05187025749122314,0.1578621634352184,-9721.330952865432,-4.522793503425186,0.07524413776335775,-4.355210822625745
77,0.001208561010541731,0.4202722465119163,0.44722794668097254,0.1324825342372093,0.209978135064451,0.03212556206955022,0.1578621634352184,-9722.936322611255,-4.409519185495382,0.07734652580026478,-4.245080168710575
78,-0.22375047490542938,0.39923009284000255,0.47514953558326517,0.07370584502443872,0.21069109395831132,6.23291191858661e-07,0.1578621634352184,-9719.199821464781,-4.346353410330839,0.07722817166735346,-4.639860814391245
79,0.0006142964980495038,0.40343488619283363,0.4671330155148472,0.12915416251754236,0.2113246999019624,0.006636040698412202,0.1578621634352184,-9721.381645072404,-4.49222462992625,0.07774099302352754,-4.557771035425879
80,-0.21345793781541228,0.3948448992959963,0.47820172299038133,0.07737566675439908,0.20869530458380436,4.2665608070921683e-07,0.1578621634352184,-9717.049954836097,-4.491988956965456,0.07640501939599433,-4.2661124298738775
81,0.001762281855880096,0.887157770901533,0.04796079422656885,0.06483873031144566,0.09750756458513163,0.16065586904457663,0.1578621634352184,-9718.66029419106,-4.376678010353615,0.05101826993436326,-4.523871610576028
82,-0.2151661481844148,0.39316759784715394,0.4798309809566498,0.07696555452438847,0.20891212189398264,1.0272336086092981e-06,0.1578621634352184,-9717.409933040279,-4.449859748537745,0.0765007471704039,-4.533168471085284
83,0.0001432165638732202,0.3894423628199828,0.49505527195876875,0.11499722353557593,0.2086025735949656,0.0016161522092857942,0.1578621634352184,-9718.116455435636,-4.483626452606733,0.07666600332076628,-4.687038882244655
84,0.0012492223990041916,0.41835239149036896,0.48114448621923434,0.10031698245782367,0.2000912421849157,0.0538830230743895,0.1578621634352184,-9718.219716970874,-4.548618076299401,0.07379794979314422,-4.730874547641149
85,-0.20716695810678942,0.43330185596898685,0.49998140561327514,0.0188082915379742,0.18630146349245252,-0.08256454553416501,0.1578621634352184,-9715.817942447891,-4.593220921867622,0.06920182800697085,-4.440460417776665
86,0.0006692086752646917,0.3968197681546982,0.5098005195575022,0.09327178724074182,0.2071912479306868,0.004912618694104731,0.1578621634352184,-9716.060858463912,-4.514478942802705,0.07612495697903933,-4.510625315031163
87,0.00041022982931900834,0.3974252588959707,0.5157276067275638,0.08658959454153084,0.20087843071868272,0.040572946071469676,0.1578621634352184,-9714.714444030154,-4.523285837332474,0.07392772608030919,-4.579878656799052
88,0.0011171872188928942,0.4687192019806862,0.474724021591692,0.05633417458097935,0.17252542126606973,0.09891336149900044,0.1578621634352184,-9713.243884798227,-4.545988026918689,0.06523607118982695,-4.569850093993541
89,-0.09060267735530272,0.9219468702201492,0.06605406521904053,-0.009101654781315959,0.07816508630138597,0.1641344723812509,0.1578621634352184,-9711.274762178664,-4.538858417221769,0.04750183549457655,-4.598731712775057
90,-0.10671050496202492,0.8322497717021402,0.15625804234333682,-0.013371758209049118,0.09123299052213779,0.15952009474896062,0.1578621634352184,-9711.10047637727,-4.553204155357091,0.048890021662064624,-4.595301603589366
91,0.001103108976971778,0.4077141257880424,0.5061560688823802,0.08602466695264668,0.20297554672939358,0.014900185263015304,0.1578621634352184,-9711.504325802787,-4.561470826679877,0.07442107018316112,-4.64741817784869
92,-0.10087457559096065,0.8786884552742495,0.10552926587841777,-0.007756508553469178,0.08561946923630712,0.15760617035991034,0.1578621634352184,-9706.564567423162,-4.583772957132143,0.048051157216523296,-4.562564348379089
93,-0.1698373095661303,0.5677366653965576,0.4011365323222057,-0.008376755002557378,0.14511663103575095,-0.12288755828990339,0.1578621634352184,-9706.658793626946,-4.5626405200223505,0.05789674555277689,-4.5721626394434685
94,0.0028838349436621944,1.2241007754128128,-0.2540464260803423,0.030380325271427415,0.036367212745922105,0.16932923567565783,0.1578621634352184,-9707.549938301163,-4.553579688389225,0.04394961213864282,-4.548045257311042
95,0.0013408696387803328,1.1897737665136527,-0.22105803640264038,0.0313214005815874,0.04119932544394196,0.16846484359952202,0.1578621634352184,-9707.050495912254,-4.54147436844082,0.04424171556151297,-4.555671364567619
96,-0.002385012584715379,1.171626217150123,-0.2048768855476967,0.032402550047154546,0.043865405614625125,0.16789166151889764,0.1578621634352184,-9706.641612962483,-4.5372062629773255,0.04437473772401968,-4.54073179416142
97,0.0009517036131333434,1.1291542734560416,-0.16715211196989815,0.03786724927939561,0.05126902544136462,0.16622372170161148,0.1578621634352184,-9706.734065346145,-4.529900763236417,0.04506884665802088,-4.470218269787494
98,0.0014735812079839658,1.1249166004861058,-0.16709034598440842,0.042149897291481477,0.0525872172016837,0.1656160595053061,0.1578621634352184,-9706.478163464313,-4.498334470489634,0.04519377095360194,-4.362426216690839
99,0.0007940332382364087,1.1132801982515885,-0.1593010717032104,0.04581617236986644,0.054873905012213675,0.16481472375336909,0.1578621634352184,-9706.379308747897,-4.4398931397144015,0.045381449238344224,-4.4049563152010585
100,0.0011194987724747704,1.0323188646475203,-0.0886278674802234,0.0560571505551298,0.06852137411203574,0.16066741405158036,0.1578621634352184,-9705.808868586528,-4.425504965325821,0.046590523531016614,-4.569671591657253
101,0.0003033586623938586,1.0070561905268227,-0.06351984609229717,0.056037804933831994,0.0723084043181784,0.15979608688786207,0.1578621634352184,-9705.935949881728,-4.4848707278893665,0.04694795648610738,-4.732333342822652
102,0.0013483738279768697,0.9806469706648115,-0.03493012461584109,0.05414091722691331,0.07642928086768189,0.15887715785773715,0.1578621634352184,-9706.284076574126,-4.580298320833664,0.047412568651754756,-4.635454971454307
103,-0.09256897679599874,0.9679837141343175,-0.008780802848950463,0.01903589504484646,0.07403384202948349,0.15974479685330872,0.1578621634352184,-9704.032754959766,-4.580411194613061,0.04656880032604809,-4.510459178311694
104,-0.0030880809378513435,0.9670166365255146,-0.006678586957596086,0.0385515123024103,0.07479519421679048,0.15981245636384167,0.1578621634352184,-9705.67821789034,-4.5451973641069845,0.04699960365808179,-4.359738813615058
105,-0.0011004886187994637,0.9452193779010947,0.020717192478997372,0.0334078759348926,0.07728266110231197,0.1591163551932352,0.1578621634352184,-9705.714187677511,-4.466539079051258,0.04724940714068546,-4.657521414978161
106,0.0014340813941349853,0.938286371011299,0.030115537655174815,0.03157954308234509,0.0787520338208571,0.15878910281513892,0.1578621634352184,-9705.887642375968,-4.547014603945071,0.04750191964874316,-4.88303683887918
107,-0.08959613212149425,0.9733574557462248,0.006772877433999956,-0.0011028408530629288,0.06856748399543952,0.16242624846989265,0.1578621634352184,-9704.541884444805,-4.6589345840851335,0.04588960824561505,-4.6368890150560444
108,0.0008623154401885044,0.4472383607884177,0.4767847150890727,0.07580262779230564,0.18257572705299607,0.07243501969706413,0.1578621634352184,-9706.327571531738,-4.62122984730225,0.06767178303993905,-4.482680019002952
109,0.0016936654642939874,0.9583570282760282,0.01019470136223918,0.03151824983842029,0.0763897439795874,0.15904159733799828,0.1578621634352184,-9705.526999505179,-4.56571414935316,0.047305842518884963,-4.802253360818549
110,-0.10832711802990422,0.8928137179788733,0.0854769654238782,-0.003657872940134396,0.08079772712679839,0.15788169171829614,0.1578621634352184,-9703.64986244177,-4.646040416946297,0.04706377539578534,-4.261329020089493
111,-0.09320811879328449,0.9747194084537386,0.009339618439351091,-0.005922586571622005,0.06704737542901713,0.16270701769648688,0.1578621634352184,-9704.092889489917,-4.480824127002261,0.04565108329594297,-4.487899671736137
112,0.0022566264724848102,1.0418151144788523,-0.06751945587837652,0.025960996788962083,0.06264746647064334,0.16353829049932148,0.1578621634352184,-9706.214838250458,-4.494591066716355,0.046015859928653424,-4.333501081566069
113,-0.0763080872632606,1.0717306382457827,-0.09080933962143006,0.0011338787822462483,0.053615811063366374,0.16582371843307878,0.1578621634352184,-9703.993869662734,-4.424717066053903,0.04449308633931745,-4.4258994957488005
114,-0.08779506960440733,1.0227844424865196,-0.04500915703666622,0.0015687544065452611,0.061464797893817175,0.16382321278934742,0.1578621634352184,-9703.831693609853,-4.425907067021352,0.045181196372625694,-4.491883489177093
115,-0.09756640904755112,0.9795155516493552,-0.0036298461713900687,0.001162148108821896,0.06808487459246204,0.16207862786905214,0.1578621634352184,-9703.84977487288,-4.4506025837075605,0.04578122025194867,-4.639619217447176
116,-0.10778294313323442,0.9294887850709597,0.046835056592330476,-0.001646653736046293,0.0751919288904632,0.16017380311096419,0.1578621634352184,-9704.048567975942,-4.51937317194697,0.04646079699917598,-4.556683625032642
117,-0.09718259967574544,0.9795035466324609,-0.000301779209296926,-0.002015989946882157,0.06755230917319194,0.162193992310316,0.1578621634352184,-9703.635672216358,-4.521077504358411,0.04572327017114615,-4.802039801301727
118,-0.08175673863244999,1.0526471232700136,-0.0750162096385931,0.003191699899766203,0.05746290335439977,0.16496377444881083,0.1578621634352184,-9704.081522910852,-4.617503469052428,0.044891307150438736,-4.813561930940085
119,-0.06266937070068496,1.1480896508940086,-0.1744120780957395,0.011613340156461921,0.044524443253227255,0.16732684692575617,0.1578621634352184,-9703.861109255422,-4.671814957021269,0.043865474006497915,-4.478042008708161
120,0.0024679030518845796,1.077494057130583,-0.11249544006889117,0.03532195008654082,0.05870855959446729,0.1641793314854157,0.1578621634352184,-9706.032382268872,-4.592684346311477,0.04568402990084595,-4.4226599878088
121,-0.07541482851118145,1.1033202120612136,-0.13500764631726203,0.013933394117303162,0.051704496687155585,0.16588893196145876,0.1578621634352184,-9703.770185128216,-4.511462112823366,0.04443143475289528,-4.4849350864994335
122,0.0010510790260947322,1.0834524666285417,-0.12409803228140268,0.04060026846739404,0.058127645732605523,0.1643080371668903,0.1578621634352184,-9705.905742392253,-4.506597898498237,0.0455788512676211,-4.761079430892561
123,-0.08816374221200032,1.053022537413282,-0.09177023220354623,0.01800666272052001,0.060475963153293844,0.16405343799695443,0.1578621634352184,-9704.211253991862,-4.591469348942614,0.045256725875176484,-4.587371813125926
124,0.0014567223156007367,1.0297322711094523,-0.07741194109824734,0.04771758764687714,0.0673553963064271,0.16223896834699697,0.1578621634352184,-9706.41457755059,-4.587895988294484,0.04647469264231534,-4.932846246443003
125,-0.10172798805465069,0.9931305354500941,-0.036862862757950955,0.01984846532670507,0.07073968184292233,0.16181688136781658,0.1578621634352184,-9705.195547710668,-4.702323956808937,0.04632689811812911,-4.932086241885914
126,-0.10731684229082711,0.9622801526709439,-0.0037969895053060927,0.016371638266585244,0.0756403002953603,0.16046793040438653,0.1578621634352184,-9705.445115185854,-4.767545549076233,0.04687344569685507,-4.57298791382409
127,-0.10409383889612783,0.9785008576255336,-0.015252201148044986,0.012347154708697242,0.07183485907364465,0.16187549252892297,0.1578621634352184,-9705.34932524324,-4.663023568658445,0.04642069478963622,-4.77080407429383
128,0.0015671667882591824,0.935383682740585,0.012901078037445867,0.0518452250030078,0.08295134247553196,0.15833259807154162,0.1578621634352184,-9707.42998767279,-4.7066936583948396,0.04818104666366462,-4.49724995117837
129,-8.94172685091415e-05,1.0408637007105939,-0.08129528129246816,0.04024860704480564,0.06554726308599138,0.1620050621262526,0.1578621634352184,-9705.464041464687,-4.614333308836648,0.04633409435088449,-4.765736930454818
130,-0.10815551419731748,0.976691735803225,-0.017302780965726405,0.015258319222192732,0.07368167450153523,0.1590808759908427,0.1578621634352184,-9702.728762721792,-4.656323844285128,0.046580331381890216,-4.73025050609099
131,-0.0007861162545831125,0.9100700094291836,0.037868851857628234,0.05164762713930433,0.08708293567622927,0.15459769989495925,0.1578621634352184,-9704.676985325066,-4.687396485653619,0.048488880094150456,-4.617326911894155
132,0.0009749997909698238,0.8211733733838886,0.13035237584601794,0.04843898351958567,0.09918481066368673,-0.1497537292304849,0.1578621634352184,-9704.448721469904,-4.649962473671531,0.049834120809489624,-5.0686510354141685
133,-0.000634785099010299,0.7594926105919952,0.20599432816697494,0.03423273447385905,0.10501908012915939,0.14783246287412033,0.1578621634352184,-9704.525884877257,-4.820319896286419,0.05050408191541532,-4.436251390637605
134,-0.23243650783731512,0.5157594308170736,0.43667212308338754,-0.006511312873374678,0.1515823614347513,-0.11222890715263006,0.1578621634352184,-9700.497846429293,-4.611689986543475,0.0588861136409488,-4.606785411186134
135,-0.07785077233803281,1.1067519932383476,-0.12633503225632575,0.0013482726155146251,0.048925146001273206,0.16390724467095624,0.1578621634352184,-9699.557366064108,-4.6141634225351105,0.04395518208987012,-4.650874434609131
136,-0.10695762592446086,0.9872261399099769,-0.01053283878192712,-0.0017539204027881786,0.06700236279321894,0.1589437655069511,0.1578621634352184,-9698.587168755881,-4.619118076735399,0.045465524084960025,-4.703655089313681
137,0.006629114114444235,0.971467658439636,-0.008804423396700302,0.038732788897899585,0.07535171843788423,0.15615834712206889,0.1578621634352184,-9700.997002003434,-4.664968047865149,0.04703681837199425,-4.578800389236608
138,-0.09527847118344529,1.046477773283045,-0.07260378845129015,0.0037788204309918603,0.05899108979106464,0.1609078517237122,0.1578621634352184,-9698.54064570463,-4.603273781962376,0.044779052574844144,-4.8307755586089955
139,-0.09309923877435133,1.0517089828494646,-0.0787349866274123,0.0052104193055508875,0.05856120787353248,0.16116576358146134,0.1578621634352184,-9698.836987051014,-4.681619486950842,0.04478040869907675,-4.632511377052159
140,-0.0008252920365508175,0.9825423699261913,-0.020372187546590155,0.03744718445061895,0.07229871908142471,0.15726402830773234,0.1578621634352184,-9700.668404504966,-4.667248219380275,0.046548040416359834,-4.609183554799134
141,-0.0007750182943274096,0.9188307092429502,0.040142865039782864,0.04061147201082374,0.08178407219310962,0.15420936013457504,0.1578621634352184,-9700.644402895565,-4.639848455158816,0.04746293743928179,-4.305890285350251
142,-0.0015882765014878907,0.9573889767088852,0.0075223562302214305,0.034503010578771594,0.07504722787942114,0.15650203410137048,0.1578621634352184,-9700.380444217792,-4.506219256851328,0.04674048929522498,-4.870389521999463
143,-0.0016292261409867515,1.046055900123336,-0.07786316467965904,0.03130966087070815,0.0612568137718907,0.16080914917914,0.1578621634352184,-9700.767994267544,-4.661453773528051,0.04546062422445192,-4.827163315429687
144,-0.09810349421790061,1.0248802487660629,-0.057075490400488024,0.009219503229535238,0.06342090179562257,0.1602614645893996,0.1578621634352184,-9699.026574497633,-4.69546309628509,0.04525645346145682,-4.195384090413392
145,-0.0018288162657022888,1.139835166505236,-0.17356250663199108,0.033150435875633016,0.04711926639286556,0.165438382071535,0.1578621634352184,-9702.488526349875,-4.508324653256867,0.04428897951312612,-4.981147462907486
146,-0.0026673650962566802,1.153883335235626,-0.18988523275625904,0.03527192716635947,0.04515125852928432,0.16693941056347342,0.1578621634352184,-9703.720991598242,-4.696508257542332,0.04417049204957599,-4.534157158397042
147,-0.0022283771280193322,1.105385494928212,-0.14671228412333503,0.040659336583284744,0.05275843543666423,0.16551125920034743,0.1578621634352184,-9703.787794865802,-4.625183264335221,0.0447980475372621,-4.7095629070379
148,-0.0021596319244245807,1.0992072130100468,-0.14397466794030717,0.044127333915728414,0.05411360622787682,0.16506679099980687,0.1578621634352184,-9703.632954766314,-4.656874283730707,0.04491629932075464,-4.738022983561788
149,-0.0010611332906799533,1.0599975535706094,-0.11119358540821367,0.05080644841868644,0.060665744748526304,0.16349072018780123,0.1578621634352184,-9703.690079631318,-4.684177373783599,0.04550683029204022,-4.594374888488521
150,-0.0008990467856473442,1.0236209364627757,-0.08013596247210317,0.056145280337023956,0.06623311954478657,0.1621827176425857,0.1578621634352184,-9703.781860384834,-4.641898030029864,0.04598158553012194,-4.021711053278471
151,-0.0007018096453807164,0.9697562626190701,-0.032193832542296526,0.06201645287370519,0.07477812470126699,0.1615809012887836,0.1578621634352184,-9706.474443780537,-4.396131622960652,0.0469305481078138,-4.4849767641032425
152,-0.0008888453594590947,0.92761139813839,0.007963347171808795,0.06397988970483354,0.07977202704470612,0.16036780578651083,0.1578621634352184,-9706.322692447204,-4.458205073424502,0.04731155175143237,-4.556255044923254
153,0.0005650481820590918,0.9541040489844879,-0.013012161303650027,0.058893890361081516,0.0746468876590499,-0.16162821054992188,0.1578621634352184,-9705.154256107402,-4.508742571500425,0.0466874673830474,-4.459961628582504
154,-0.0009074722242547136,1.0943643846036912,-0.14857708463279257,0.05392172217549744,0.05430936547380372,0.16580078602662154,0.1578621634352184,-9703.697070241917,-4.491584768508842,0.044804917435620366,-4.3171426599021965
155,-0.001935685210053527,1.0644087398643656,-0.12563735663793585,0.06065622763836913,0.05917904527308865,0.1646464095380169,0.1578621634352184,-9703.647891979625,-4.432187934789782,0.04520869393065007,-4.3194203711033605
156,-0.0015516772520190012,1.0865914089347486,-0.15255077265987793,0.06549840269200095,0.05645602262406963,0.16464529977035175,0.1578621634352184,-9702.96246913487,-4.402077155211094,0.04496107763977733,-4.295028640139309
157,-0.000843153940892852,1.0569230985998948,-0.13278895219329567,0.0755531145724282,0.06145898001904318,0.1633075536683729,0.1578621634352184,-9702.880119303496,-4.3761202764722285,0.045399125030232385,-4.777475266966607
158,-0.0012600977096196373,0.9976546710564667,-0.09197763631221614,0.09393484710385858,0.07065884875017735,0.16139583794578274,0.1578621634352184,-9703.55993858747,-4.5503602289359675,0.046226991408838514,-4.303647128723006
159,0.00017812586131194576,0.9359353371245096,-0.04271607301946839,0.10668352826301598,0.07911918538758303,-0.15931456210354317,0.1578621634352184,-9703.98132897804,-4.44912286836454,0.04698008200668957,-4.277467132765549
160,-2.0745058908699654e-05,0.8708558725779433,0.02399827062540401,0.10499763134386622,0.08736712697657915,0.15695280119843538,0.1578621634352184,-9703.83854110667,-4.389969082319926,0.04778329297827222,-4.489501885400394
161,-0.14216549869700684,0.7706234386704829,0.15479179389571945,0.04121211129999537,0.09835405663465943,0.15292339283254514,0.1578621634352184,-9701.395287007825,-4.426273631807414,0.048714633791018855,-4.893617729407928
162,-0.24559284276076754,0.38851570542500674,0.4837790843696026,0.07043821388240332,0.16987549001249802,-0.09254247840144544,0.1578621634352184,-9701.228444441676,-4.612283491559781,0.06340517529971154,-4.513855007849815
163,-0.000689965709845267,0.3519823635503029,0.49091399854804957,0.1572101083599526,0.17987538259276004,0.07386127476663548,0.1578621634352184,-9702.351350544264,-4.533740428860482,0.0666167691391975,-4.934737239802828
164,0.00026715414200371686,0.38437847460801017,0.47924667516084923,0.1368518521824967,0.16899248155618124,0.09438760430806799,0.1578621634352184,-9703.36992455413,-4.695920032621089,0.06345922368644091,-4.905497614462801
165,0.001204128613232457,0.4052107614431866,0.4582495448235235,0.13717228359318626,0.16663743695749883,0.09701414905653792,0.1578621634352184,-9702.742796401577,-4.755135302612734,0.0627523432558823,-4.722584628341487
166,0.0016871369917446264,0.37867321240144236,0.47793083333529585,0.14420933689535256,0.17296314425438497,0.08656156823289497,0.1578621634352184,-9702.397878836226,-4.721741768170158,0.06453983469995378,-4.965450462393709
167,-0.2192444236619513,0.441100042638621,0.4566719947489498,0.051476898332032325,0.1597619155189301,-0.10613677821814377,0.1578621634352184,-9701.247335505612,-4.786735292549406,0.06069458604724877,-4.967560685615073
168,-0.11317685425029161,0.8655565562524533,0.0606121676331359,0.04753412692946947,0.09008175613387776,0.15234150178673156,0.1578621634352184,-9697.788300008371,-4.825719350911155,0.04793971945667681,-4.825817873267372
169,0.000555644828450464,0.3768831802428216,0.4682300867657161,0.1554778916965594,0.17945846348204714,0.0684330668401148,0.1578621634352184,-9698.541653748807,-4.807295691843294,0.0662548579624031,-4.723114857408965
170,-0.0005014595114837619,0.3645099881145867,0.48761955085287345,0.14828322536917687,0.18164215936185507,0.062141719867545214,0.1578621634352184,-9697.951420059739,-4.759975055764381,0.06692443989848554,-4.47089023515123
171,0.001741653666370148,0.3656643096521246,0.47902351063547044,0.15615449597810738,0.18251709168191488,0.061179789416078004,0.1578621634352184,-9698.569221415448,-4.6479391937010295,0.06720736274029497,-4.5785281821083235
172,0.0013295053390004884,0.40549383417690227,0.45760136417975383,0.13759041110435438,0.17009650389908698,0.08630963127115168,0.1578621634352184,-9698.499600628837,-4.636168748272609,0.06352785953545075,-3.9794554205900288
173,0.0012970692176719097,0.3765991737284109,0.47674681955522913,0.14725518747544108,0.18034856807937938,0.06941862148340883,0.1578621634352184,-9700.296363132382,-4.374463133199819,0.06662200506234658,-4.530186187070243
174,0.0016030240059290764,0.424295894261091,0.4419679961458849,0.13459119695295146,0.16859934669709045,0.09020248722659183,0.1578621634352184,-9699.777863773485,-4.491866595580321,0.06316569486359488,-4.310777818173024
175,0.0015334403757775775,0.3738474063280345,0.48115272854200786,0.14564159737933968,0.17952410428369603,0.06728684260661995,0.1578621634352184,-9698.206718663467,-4.411424210234984,0.06627349975500307,-4.741053624624218
176,-0.25187736635916413,0.39387989480326957,0.4926094549000232,0.054987785385397114,0.17160838269741252,0.0837585035062804,0.1578621634352184,-9697.417273330337,-4.539434260764533,0.06373312828442647,-4.527700693078736
177,0.0016296939415018986,0.8363528946242891,0.023364188546141376,0.14111191972291748,0.0975817962069909,0.14713528002533682,0.1578621634352184,-9697.6138769474,-4.557603843325634,0.04903603485234221,-4.372762983285335
178,-0.05241199065471161,1.1924050171146927,-0.2293734920510987,0.024744301246470916,0.03783608112330644,0.1648811912619457,0.1578621634352184,-9695.759667460532,-4.455643648647235,0.04282192161488644,-4.661439219855686
179,0.00025666897490862967,0.8606217257604991,0.08958806816471407,0.049854557122880075,0.08069278120363815,0.15096710762034815,0.1578621634352184,-9690.625941205435,-4.559512142811712,0.04614567892129091,-4.532255378002328
180,0.0006894692040932881,0.4702450895432911,0.45415742687609617,0.07577233154723306,0.1370598545941848,0.11763865958631611,0.1578621634352184,-9690.713484221633,-4.5483659502404885,0.054847274957708234,-4.532470465531365
181,-0.19795376208394672,0.44383827992396674,0.49382768125891174,0.016091551238264976,0.14021104488269892,-0.11416368489117587,0.1578621634352184,-9689.159126267647,-4.518132315158607,0.055293823219745464,-4.7924935468119365
182,-0.07739306541467209,1.0410450002604326,-0.08568678204727337,0.02655440426439898,0.05748590896737018,0.15741744701755656,0.1578621634352184,-9689.38213507239,-4.62189593714842,0.043862874587432335,-4.739527911117904
183,-0.00028468733387160175,0.9369017028866113,-0.004518369458223568,0.06750446409746898,0.07322136425193385,0.152235525322103,0.1578621634352184,-9689.696314968103,-4.670912889400982,0.045435268616814406,-4.291520735718411
184,-0.10897764605112509,0.880626047174133,0.0706662525495126,0.023163232695347875,0.07751739128456017,0.15193494042897462,0.1578621634352184,-9689.091760281712,-4.4912203639189245,0.045484527568252,-4.91371402673549
185,-0.0007603753610375343,0.9935183537356322,-0.046604892724724616,0.05292684096427418,0.0639296834902359,0.15635420133069922,0.1578621634352184,-9691.120681624416,-4.678743534113791,0.04462472712929995,-4.861967328851558
186,-0.0006917242222960916,0.9968709525799344,-0.04810523441227249,0.05112961945573982,0.06386531100019566,0.15633888690929654,0.1578621634352184,-9691.29392455399,-4.737935954164849,0.04467991489538051,-4.518457975594946
187,9.350811470175183e-05,0.9257305742194424,0.01387174513520718,0.06040809632333244,0.07323995842169452,0.15365616401611068,0.1578621634352184,-9691.073424380487,-4.63466598501509,0.04543593907719844,-4.511612497381181
188,0.0007488828660929785,0.8209194370295166,0.11505091132185088,0.06415235630959928,0.08621189000340257,0.1492681991846909,0.1578621634352184,-9691.05953529269,-4.584074583211488,0.046675981872563915,-4.598897976754326
189,-0.00023902569839064926,0.8478088210858461,0.10867116586204092,0.04349699376410229,0.07957121044969094,0.1509283560070792,0.1578621634352184,-9689.41614118697,-4.597034271511765,0.045813361635058045,-4.905392184991362
190,-0.10667765928442899,0.8473161022327491,0.12718076892659552,0.000701052287809895,0.07784281641600674,0.151799200064657,0.1578621634352184,-9688.405582148891,-4.698372880415381,0.045398368072714176,-4.948597653985742
191,-0.17643979091229772,0.4595471292848543,0.5073344090036247,-0.007871869768917725,0.1299690103918814,0.12289655778902314,0.1578621634352184,-9688.75128244282,-4.758565546927136,0.053085823759629336,-5.174932103526358
192,0.0013812655683128042,0.9306687748224141,0.0283725368632572,0.041457171165197884,0.07217555012951665,0.15374721524515134,0.1578621634352184,-9691.208914773368,-4.924366961203336,0.04547384342437864,-4.991020487544347
193,0.002958192599657101,0.917460265291276,0.04168809039651454,0.041716941171291586,0.07403322988005799,-0.15312899250548156,0.1578621634352184,-9691.25216926875,-4.920674515189318,0.045664758814213835,-5.159048487451313
194,-0.0993920523686462,0.8549552046908524,0.11851584314239227,0.0034913896128622368,0.0802337512517681,0.1507935669635443,0.1578621634352184,-9689.745020528477,-4.969466031875938,0.0459326930567473,-4.985234664541308
195,-0.0023406425324974407,0.7291060362577071,0.24000879810528064,0.030572780715353326,0.09558581189065601,0.14416308274087086,0.1578621634352184,-9690.269698710354,-4.962133407604487,0.04778756348618188,-4.872216182442611
196,-0.028240925242815157,1.2908813027889146,-0.3158980563518423,0.0184574139959297,0.023006492660832344,0.16118026754782142,0.1578621634352184,-9687.708845918141,-4.901729842687386,0.04132546322788249,-4.734637755659661
197,0.001112433010333223,0.9561267672265055,0.0012722345393270434,0.04307037824415451,0.07086520275534766,0.15191091344555446,0.1578621634352184,-9688.788880471486,-4.8292146484361025,0.04541206985212596,-4.838158117931894
198,0.001175201888231346,1.263157210482086,-0.29351389735451316,0.03066108013145319,0.027454617458395482,0.1600219313478013,0.1578621634352184,-9688.125559714945,-4.834113480528467,0.04187700021976275,-4.62113227836839
199,0.00011781945237423512,1.02620967944907,-0.06051036485334386,0.034354710543056555,0.0589986217593815,0.15150750256119577,0.1578621634352184,-9683.649352013907,-4.742151779215937,0.04397572113519604,-4.781773118132956
200,0.00022537796263757704,1.0577109637488535,-0.09210396126933929,0.034462534955105734,0.054868654957197505,0.15246587800146538,0.1578621634352184,-9683.63674104703,-4.759661621804803,0.04365376733150864,-4.786093273079935
201,-0.00011863144911244408,1.144009195076111,-0.17954758761292156,0.03551645640428665,0.0437482622098607,0.1545122202887188,0.1578621634352184,-9683.338322391273,-4.7630081182725945,0.04283604000123268,-4.549790178080986
202,-0.003541596249635872,1.1416962931800831,-0.18032699503553412,0.037779040169459224,0.044411873359036264,0.15454677162561237,0.1578621634352184,-9683.343614126377,-4.673912562492505,0.042872766880199586,-4.311220611919141
203,-0.0004198360120897948,1.1297421079521972,-0.17529532783104346,0.04539893241236495,0.047733891122381855,0.15399730009598522,0.1578621634352184,-9684.226553784827,-4.536921512974577,0.0432951253894798,-4.360012564176557
204,-0.08407085776739379,1.0778397061587386,-0.12632549441689264,0.02875194169685102,0.05512273846788849,0.1520639628536346,0.1578621634352184,-9682.538247072749,-4.4595804784935,0.04357867576929176,-4.546592344442215
205,-0.0013753038711925608,1.0643865778909054,-0.12050738708714565,0.05571142608350518,0.057785151938211966,0.15156940995747253,0.1578621634352184,-9684.080590597861,-4.528896700843109,0.044082550447235025,-4.490000912892953
206,-0.001284764834685789,0.9826041814723603,-0.04956081479137089,0.06652127874682093,0.06963198198635763,0.1481192206239202,0.1578621634352184,-9683.873720395026,-4.530568300808456,0.045051138226079465,-4.199997267826172
207,0.0004734896471574045,0.9815463378489988,-0.04582868867539458,0.06424704288601205,0.06929044804343021,-0.14858130088670607,0.1578621634352184,-9684.12094383693,-4.412798669655207,0.045017957267253196,-4.172022117130641
208,-0.0003456488595885009,1.0111691389883002,-0.06819686102564976,0.056825660954673965,0.06487637166087307,0.1493264371172352,0.1578621634352184,-9683.321816190512,-4.341876961050724,0.044614362606635774,-4.516277792435075
209,-0.02323871773051025,1.0467319050123982,-0.09274856818427268,0.040502193280123694,0.05712124987731669,0.15215145185860696,0.1578621634352184,-9682.67327339675,-4.429898853454212,0.043674656044234456,-4.794991619220068
210,-0.0006230263365073281,0.9051569473689711,0.020884688758054028,0.07375444976544124,0.07969222550693209,0.14534217114055137,0.1578621634352184,-9683.968075010105,-4.602563461736796,0.045943454230128196,-4.815730224982839
211,0.0002261910387342408,0.8505492995573081,0.07925339766894757,0.07028248027328494,0.08543991171977827,0.14326856913045477,0.1578621634352184,-9683.449524686657,-4.679653171054978,0.04643152179897463,-4.7849072803235115
212,0.0014543384706584023,0.8484290301983503,0.08381216944554629,0.0682128468625495,0.08505858205466046,0.14315488700677598,0.1578621634352184,-9682.76848443888,-4.708569278803924,0.04633907260676449,-4.55695370993549
213,0.00013687337850964363,1.1013553747850828,-0.15657467010185167,0.055346253252438415,0.051867441630491555,0.15206508462215546,0.1578621634352184,-9682.085632761064,-4.654099430954202,0.04347416978756968,-4.20250349145074
214,-0.0631461134648447,1.1266196150872507,-0.17872730003567944,0.03739150766826948,0.048954776624646396,0.1528242609444559,0.1578621634352184,-9681.766462202286,-4.462117755459748,0.04312185537134927,-4.262772951104617
215,-0.0016722731344950184,1.0685305367019806,-0.12803869729630546,0.05908361049897379,0.05662457291659051,0.1493254848017218,0.1578621634352184,-9680.23165924701,-4.406940986923718,0.043721764528545315,-4.666410939584433
216,-0.0012235499760477628,1.0646913534116722,-0.1289522265066569,0.06397664623652924,0.056980609713304806,0.14975784547683346,0.1578621634352184,-9680.649617477893,-4.5283351911793766,0.043726572344551407,-4.439344659313071
217,-0.0005951276797653317,1.0416511572992948,-0.11239596795239565,0.07059839760294925,0.060524431159552305,0.14883039200759246,0.1578621634352184,-9680.63958928079,-4.4953863399459335,0.04401606896117872,-4.3524601444602355
218,-0.00035643166700801093,0.9831051110493586,-0.067896679047575,0.08465786925596328,0.06927977711134586,0.14615971782214437,0.1578621634352184,-9680.469230857772,-4.445231929886052,0.044756387220041716,-4.805333931145383
219,0.00036434268781749743,0.9593000519153408,-0.041094668840900295,0.08192340211222993,0.07168455367754882,0.14615953636893553,0.1578621634352184,-9681.006943244405,-4.602886715050912,0.04495127804918546,-4.885893967022521
220,0.00042238170193489784,0.8658298869361827,0.03508289453799063,0.099269872545955,0.08566660058954798,0.14131249282483294,0.1578621634352184,-9681.382508918268,-4.707731703700411,0.04639782275448438,-4.65247955276705
221,-0.00010755744023691982,0.8182111503863476,0.09046151567935112,0.09142507450037995,0.0894528954230912,0.14008168848604463,0.1578621634352184,-9680.819047646124,-4.660282487731718,0.046648946975771585,-5.042490346449282
222,-5.366595713727847e-05,0.8648913892320276,0.06677751254425178,0.06861339642828282,0.0817027363688457,0.14185662719759268,0.1578621634352184,-9678.929997970617,-4.808100353385145,0.045717050370293846,-4.620305856317636
223,-0.10085598843581295,0.840289922440626,0.10147079295593271,0.034907668136607936,0.08506457044356996,0.14100083107560296,0.1578621634352184,-9678.14208270545,-4.6870418886770535,0.0459231212994078,-4.826485032754102
224,0.0005094575664754464,0.7614566975606978,0.16547149301558856,0.0734715134578586,0.09404670783796079,0.13714554283087263,0.1578621634352184,-9679.13238338701,-4.747575247046066,0.04702715891497316,-4.640791181563087
225,0.0004995641334425944,0.6453878482648345,0.2821491643584886,0.07291473073451227,0.10624818828663996,0.1308018546594774,0.1578621634352184,-9678.90185254434,-4.694074272530238,0.048520004828396704,-4.374008561826914
226,-0.1099113070585743,0.8439449606324395,0.07921136469647462,0.0515292150843456,0.08874057640863782,0.1368212336325167,0.1578621634352184,-9675.51152597039,-4.539587325058383,0.046398294874771415,-4.8943522750809
227,0.0013228090695755583,0.8210066966160413,0.1064071108026681,0.07327035991854583,0.08580975458079447,0.1387212082662972,0.1578621634352184,-9676.390035712593,-4.712595976808126,0.04591522787502005,-5.110542025503737
228,0.0015866142981765833,0.9065261092754862,0.03248455911576854,0.06164591670494795,0.07512775127833275,0.14226114096744472,0.1578621634352184,-9676.154868068155,-4.860385528352968,0.04489721473865353,-4.756078547925331
229,0.00026897936670484046,0.9037950047359057,0.032778440488420754,0.06371958761955254,0.07560432710040896,0.14194641604018726,0.1578621634352184,-9675.912003654172,-4.790661094024734,0.044920719712072156,-4.824605024815215
230,-0.0840094142652496,0.901201454751011,0.04836509307141083,0.03107094086643656,0.07613273645496854,0.14178767144131454,0.1578621634352184,-9674.81566785602,-4.7754011617080785,0.04484741754282866,-5.135251406187014
231,-0.00042281038349943384,0.9077703718663319,0.03528719968732607,0.05717844649836548,0.07474931307080701,0.14257011433390618,0.1578621634352184,-9676.455666490623,-4.922163913334677,0.04487438043570603,-5.195834751391835
232,0.003685946549208122,0.8548970470196589,0.0828002577366046,0.06354614724923602,0.08309685957674043,0.1397118475374382,0.1578621634352184,-9676.969467644109,-5.009510578026837,0.04583042638339131,-5.06626842993728
233,0.002118724311475316,0.8867911876089154,0.05617920479489148,0.05793208815147694,0.0785061008057065,0.14115997871758235,0.1578621634352184,-9676.65610422151,-5.00270603231373,0.04533986856524043,-4.959865307391056
234,0.0003989299333530187,0.9351395808910571,0.009171590752403471,0.05618909296191682,0.07229524142515434,0.14301004862063982,0.1578621634352184,-9676.425626702468,-4.963170223891031,0.044743932213939124,-5.081150298281041
235,0.0004212123254180618,0.9118971107255296,0.02781762972323068,0.06087730713081742,0.07611568076577871,0.1414950000149025,0.1578621634352184,-9676.234186943382,-4.996252748066265,0.045128494341702095,-5.296621468028736
236,-0.001120947423163942,0.9106878939069013,0.03612839479538034,0.05342335994096689,0.07577235840357333,0.14204724276800695,0.1578621634352184,-9676.728124119189,-5.1018722846036395,0.045123793067694616,-4.8336065161149575
237,0.0015264995412938146,0.9105470376270532,0.03740162938376125,0.05279551427686395,0.07470638426764306,0.1425287639134255,0.1578621634352184,-9676.551695446164,-4.965445558631587,0.04494605143396399,-5.2490273866863095
238,0.00312522711362932,0.9052504212856542,0.04510060664238419,0.05082037295084357,0.07539901648772157,0.14272303072097262,0.1578621634352184,-9677.18464827081,-5.076564215918825,0.04506749861829111,-5.120118712341695
239,-0.0008575146176641661,0.941952511767572,0.014063768265458874,0.04416873971642009,0.07024259986632778,0.14422299595028776,0.1578621634352184,-9676.984904938918,-5.073680573332965,0.044575564708422444,-4.856520886214714
240,0.00016542747598030492,0.9453676666750976,0.007649952741331498,0.04737971846479321,0.07002076249916203,0.14457680497420633,0.1578621634352184,-9677.3775626549,-4.970156162629918,0.044571306923443396,-4.972876427630224
241,-0.0012663673742099439,0.9466533679245666,0.008683494203217205,0.044658276003976594,0.06973934711119546,0.14414192292266426,0.1578621634352184,-9676.643908529504,-4.968511514419569,0.044516288293349415,-4.7545267557173965
242,-0.0002604602270550003,0.9208315392502016,0.031651622047451096,0.047722680421248,0.07320747571669485,0.14334303857710973,0.1578621634352184,-9677.020026739121,-4.878702884264569,0.04483859744266154,-5.191188809204315
243,-0.0026262952084258944,0.9617809985803865,-0.0040638344211574254,0.04198413640740306,0.06734027886973548,0.14555046192970095,0.1578621634352184,-9677.463270488453,-5.009691386605128,0.04432183557714612,-5.236002089632241
244,-0.056567518931742236,0.9504658598169515,0.015354600229265256,0.021371193689753175,0.06961606284224908,0.1450812901169759,0.1578621634352184,-9677.28145713134,-5.069371523805522,0.04451594775121521,-5.034731360671612
245,-0.0007353848467488414,0.9583790553666766,-0.0015010869256505254,0.04328699673205165,0.06823725220701235,0.14544245657763855,0.1578621634352184,-9677.852655202469,-5.050198072442705,0.044458020229153516,-5.015721853321523
246,-0.064431133377727,0.9033728777773354,0.06102464900297673,0.020946520410490114,0.07578493931186911,0.1431006128421645,0.1578621634352184,-9677.116384339777,-5.0040367928924185,0.04505668482821954,-4.998790437212113
247,-0.0001276720284011383,0.8335498618533874,0.12222163751028725,0.04457692103637971,0.08248677321119022,0.14084226373746173,0.1578621634352184,-9677.555082244551,-5.011291468576867,0.04566178183963466,-4.9650922774047075
248,-0.0779290847269952,0.7323643645301727,0.2346709782499954,0.01527663482675257,0.09393905307229147,0.13604580520381163,0.1578621634352184,-9676.599055214505,-4.970175061720402,0.04675644263560447,-5.206096787474587
249,0.002223163720016224,0.9678803468971657,-0.05185947712410295,0.08514316231406086,0.07138324935015115,0.14010475918104515,0.1578621634352184,-9672.614571402377,-5.077959199036641,0.044642916275493355,-4.787639796174693
250,0.002912768691513948,1.2859260069220575,-0.3416379978689201,0.05655148109741117,0.023886932077060916,0.14973212834152158,0.1578621634352184,-9671.585696614482,-4.946818040122714,0.040518933981994826,-4.6754453783819185
251,0.0026071536230037294,1.266850278296689,-0.3212267925783471,0.05511737542915407,0.027173647210166824,0.14922154145541172,0.1578621634352184,-9671.257216970129,-4.846940584964212,0.04089457140422954,-5.041589139459426
252,0.002437916802841017,1.2400445364800734,-0.2971551253837103,0.05784440606989087,0.030759794960502587,0.1489786596949338,0.1578621634352184,-9671.445794425395,-4.930319215735806,0.04115274773768905,-5.226525265927904
253,0.002312222819995223,1.1929580580833794,-0.25128430325281154,0.059049884744641276,0.03785798079600208,0.14753825695952988,0.1578621634352184,-9670.90746566696,-5.04454289773804,0.04175280537555234,-5.034039839561449
254,0.003102800949287383,1.1367501883124589,-0.20134503681700178,0.0655307324729762,0.045598502253546384,0.14610964256221293,0.1578621634352184,-9670.931928366665,-5.032878727748629,0.042294355291297006,-5.389719273675731
255,0.0019772222332940107,1.105288528478777,-0.17365867191000145,0.06912971859123346,0.05035423609865036,0.14557198813030398,0.1578621634352184,-9671.766625450764,-5.17004277094574,0.042711766650525035,-4.403979697221195
256,-0.060668819989995806,0.8915890723099102,0.01938613278266427,0.07522676992515268,0.08114283919090723,0.13915051604893153,0.1578621634352184,-9674.635351882587,-4.808476941349442,0.04545148707081803,-4.722022488037597
257,-0.05615487758198389,0.9131840177163096,0.019752603965564386,0.05433129880917968,0.07526838353720613,0.14069640632944813,0.1578621634352184,-9672.541594493961,-4.7929974662872645,0.0446778566622255,-4.923659758649499
258,-0.05274058750509993,0.9115003791705734,0.05007475739424218,0.02652893683125347,0.0700932332036032,0.14172935673784903,0.1578621634352184,-9670.660857632614,-4.857758060010697,0.04388780016997958,-5.038951626293802
259,-0.05230524039043538,0.8752573115441298,0.08460038938844444,0.02840244215625705,0.07435005288952479,0.1406354125999293,0.1578621634352184,-9670.923387489924,-4.929488003236079,0.04426966226741712,-4.716651937489881
260,0.0019123476952157188,0.8610582628893941,0.07397429180472999,0.06583492288237291,0.07589335782295334,0.14039669577948377,0.1578621634352184,-9671.785829229895,-4.854544563737718,0.04441860548848589,-4.6634918668128655
261,-0.08364238414469966,0.5812637292677935,0.4302088992343308,-0.030374571298245515,0.09200285140162423,0.13322435391375637,0.1578621634352184,-9669.866774390928,-4.767620505738616,0.04560415194234192,-4.456171205918399
262,-0.0004435584915488041,0.7363834767575737,0.2341611459291531,0.029749359438046276,0.08295424533767572,0.13791540113008316,0.1578621634352184,-9671.586089910428,-4.679887269363788,0.04485583321728402,-4.618337557241844
263,-0.018149158798937498,1.264546096389703,-0.30246142339251414,0.033946467500467786,0.02383715148927757,0.150433240575292,0.1578621634352184,-9668.404142955693,-4.666463355418925,0.040058388621140945,-4.213955815484657
264,0.001189277243728395,0.3945378986053592,0.6073076640350321,-0.0009728513135332075,0.10831566686516253,0.12313693690140401,0.1578621634352184,-9671.692772075916,-4.528394495174496,0.04818100399420693,-4.579956977075182
265,-0.13491993055428772,0.41465195735278665,0.5970593716897696,-0.04230682919703267,0.11177953586008303,0.11936483569214029,0.1578621634352184,-9668.610974363008,-4.549300064519943,0.04862877497155746,-4.121809307330946
266,-0.04633900441429112,1.1323194289476395,-0.17665641691087847,0.03392882542696478,0.04123988160108086,0.14835660254861643,0.1578621634352184,-9668.667110339418,-4.405208026318919,0.04135905824431787,-3.5153206961135277
267,0.001168309645851778,0.3960216864869782,0.5918751993345343,0.012745417724389235,0.1350541476552225,0.1054354348387661,0.1578621634352184,-9678.711930864965,-4.104990472385547,0.05401220599866356,-3.7234571023103022
268,0.0013618396198809475,0.9045155850607118,-0.002773897295135474,0.09915894963797178,0.07764810974895955,0.1366209788810797,0.1578621634352184,-9672.984193676324,-4.037857555878792,0.04487028576611163,-3.863931524423352
269,-0.0011158249711904428,0.9102444878060412,0.03965952145033866,0.05012561725807328,0.07415298555787567,0.1366432377833238,0.1578621634352184,-9668.642378682469,-4.021426803596512,0.044471887514323113,-4.243962443087918
270,0.0014921210631783336,0.8318165629390253,0.1396140750544522,0.029135952811528733,0.07786968873948072,0.13564317860298425,0.1578621634352184,-9667.156616356286,-4.158667944095682,0.04453374490457507,-4.2604848422013015
271,0.0017478864368346701,0.6599603661738105,0.3400195982023959,0.0005340579271168138,0.09172915025891064,0.12876869217633236,0.1578621634352184,-9665.100768623119,-4.197339972273219,0.045860064502655715,-4.352459178714728
272,-0.13790973562028963,0.5096363091455316,0.5218870079873017,-0.0633137327705594,0.10327701944583373,0.12150163448502804,0.1578621634352184,-9663.10523407498,-4.22931810475376,0.047210500921222885,-4.499324554425644
273,0.00047618043381291,0.3991984583379511,0.5989884779684376,0.0020066438790525584,0.12267841250840106,0.10453713855926591,0.1578621634352184,-9663.493973424405,-4.361516470191916,0.050758796142719734,-3.779910401424766
274,-0.00015940898845641686,0.40318025552257597,0.624923235469423,-0.028231143115856186,0.11735618663835762,0.11161801847023342,0.1578621634352184,-9666.14370752727,-4.127767294718368,0.049972406934132685,-3.965308599537921
275,-0.11955272053833407,0.6319757007836269,0.41149787111031483,-0.07114794865742949,0.08597857721347693,0.13202098400586537,0.1578621634352184,-9664.273040282924,-4.065838094687962,0.04490874744484172,-4.258114802664998
276,0.0003819718845108086,0.5127448455470405,0.511418555706729,-0.024111117062252604,0.10340047644016606,0.1225723858823658,0.1578621634352184,-9665.836783138764,-4.184121176901969,0.0474998376812288,-3.519516662110932
277,0.004318048532255029,0.569186301358011,0.4754679220859116,-0.04398487442665157,0.09507109685830872,0.12818753249661718,0.1578621634352184,-9667.082565590103,-3.9111066262669807,0.04647787478831757,-4.156403363073523
278,-0.1269824314511172,0.5478487834193752,0.5134417741274426,-0.090787656484116,0.09082649113683947,0.1294899941727948,0.1578621634352184,-9663.972131965642,-4.0242865730462105,0.045486571237765526,-4.1860803110697296
279,0.0009408928359000738,0.7287722749879322,0.29456493879195667,-0.02320738723200498,0.07889910533334732,0.1352931738678262,0.1578621634352184,-9666.060268785566,-4.111273268490714,0.04440935966840441,-4.555836152971832
280,0.0008816763867290198,0.6899178622698141,0.32466621645111815,-0.01440439120572476,0.08465989146600056,0.1338604980994419,0.1578621634352184,-9667.395305174843,-4.290557323067608,0.045060142449429436,-4.192392867285618
281,0.0007009257274018556,0.5372648107911888,0.4887953929287713,-0.026015881530312722,0.10004612701902307,0.12546982155858727,0.1578621634352184,-9667.004640231346,-4.22064459330828,0.04703276786881454,-4.136050727900504
282,-0.11655771343756234,0.6199125718847996,0.422418435030689,-0.06932514763754709,0.08629682879198042,0.13283324246756611,0.1578621634352184,-9665.198812022494,-4.179812476942683,0.04492915611774187,-4.099658946598928
283,-0.11468259505454403,0.634212939045164,0.4087234553887513,-0.0695023572809925,0.08449792467130918,0.1336822353942388,0.1578621634352184,-9665.234258755909,-4.1537351752480225,0.04471889203635756,-4.076718817954135
284,-4.005660089448384e-05,0.70233030069463,0.32243291880904557,-0.024870071790198914,0.08115623742945377,0.13515697516809633,0.1578621634352184,-9667.0600226245,-4.138908834880849,0.04465226159846818,-4.324957794753685
285,-0.0008300969684785136,0.767111517064683,0.25065014554050175,-0.018080955792738745,0.07481586605500251,0.1370653294742411,0.1578621634352184,-9666.295878814688,-4.220173005009286,0.04396026278548727,-4.483826881335506
286,0.0005361526819662925,0.5911122362982948,0.43074974063128213,-0.021837921487852893,0.09485150093227585,0.12843435675229317,0.1578621634352184,-9666.814625558975,-4.316681423244021,0.0463011685470403,-4.387839602961396
287,0.0003730410542461908,0.6221363139474075,0.3995723938007184,-0.02166434977392108,0.09117376343437762,0.13004941975618686,0.1578621634352184,-9666.611507743119,-4.329559355320223,0.04579963189626414,-4.455415190460055
288,0.00010059290600579181,0.7072935110792062,0.30549258529754275,-0.012842624472702234,0.08354300251158603,0.1332458083990009,0.1578621634352184,-9666.112604974995,-4.3722783039683915,0.04490390577989768,-4.435087032699126
289,-0.11774958593736573,0.6424451802203645,0.3865167976735444,-0.056147928423157425,0.08870150922526969,0.1307160428028669,0.1578621634352184,-9664.324854962615,-4.3853709222401855,0.04527372924290683,-4.540138935625723
290,0.0010613813574413492,0.5976287577486742,0.4200002107244494,-0.01741559319404639,0.09550014490845432,0.12730145413152957,0.1578621634352184,-9666.163200822839,-4.4427873345738815,0.04637045886054291,-4.767030934906174
291,-0.1110580746061347,0.7311432535168938,0.29120899849250015,-0.047853473158014304,0.08109191024520544,0.1342851182820619,0.1578621634352184,-9664.80772316418,-4.556824099770923,0.04451636662437379,-4.913498168214835
292,-0.0005688941866306765,0.6729593950963813,0.33899415398008503,-0.011913320035969002,0.0907372781617447,0.13017427694595574,0.1578621634352184,-9667.350879350486,-4.678674687160065,0.04593221815206526,-4.2543253736855915
293,8.267230479144748e-05,0.6767671393384143,0.3341105505744323,-0.010827671232901043,0.08878134820566647,0.13218955450800968,0.1578621634352184,-9668.216563393371,-4.4763168580044495,0.04565894108099296,-4.5700054606248885
294,-0.12080924104047173,0.6614874383162188,0.3625216047081757,-0.05175799333067016,0.08954726268599231,0.13182834714413957,0.1578621634352184,-9666.513746449056,-4.523741408850449,0.04557267841483837,-4.387293212339704
295,0.0013717777496114482,0.6963511487022145,0.31392580561787187,-0.009899030674522325,0.08629464196467375,0.1335643300870354,0.1578621634352184,-9668.328920140466,-4.46869961412559,0.0453696954276681,-4.442541795358653
296,-0.1387211508510361,0.5915605653926306,0.4296959127054124,-0.05306491207383678,0.09942077757941789,0.12608714783787406,0.1578621634352184,-9665.769081959334,-4.463426822183746,0.04687384405824522,-4.787251882362113
297,-0.0008939878390571583,0.6382989199737609,0.37294705291870245,-0.011292320147151404,0.09418195184041145,0.1295025207522219,0.1578621634352184,-9668.253774545636,-4.5917616591418415,0.0463780301666096,-4.088343568137446
298,-0.0692091384488909,1.0381404454257441,-0.047408158409562196,-0.006582994539858286,0.05152270654986851,0.14515613367197083,0.1578621634352184,-9668.012007115016,-4.376558323414078,0.042349321570176436,-4.501198403481295
299,-0.07743917250926738,0.9964654616067287,-0.00819252299216185,-0.005976305823291521,0.057370575382863984,0.14393452153031297,0.1578621634352184,-9668.112911194386,-4.436179731382769,0.042809060989867614,-4.443805206056992
300,-0.09355173500591343,0.9081908841115205,0.07655611410847671,-0.006114843474874445,0.06926255046739743,0.140635197493288,0.1578621634352184,-9668.101024055199,-4.439433694448503,0.04380362816854441,-4.582781433882364
301,0.0018289665869824692,0.9217933460147201,0.056584957269823266,0.02222486372406554,0.06547946623280387,0.14172074267221846,0.1578621634352184,-9669.145433827898,-4.500570552425059,0.04346935012611142,-4.2363333516219654
302,-0.08986357611343383,0.8866348615804464,0.10357744379004441,-0.01078478494951827,0.06953657195512089,0.1410327596363313,0.1578621634352184,-9668.080364745796,-4.384965314937364,0.0437105152737054,-4.343966187100417
303,-0.09371027163964883,0.8090222281474437,0.1998366485185545,-0.03038711055043477,0.07285483821997413,0.1398041579425842,0.1578621634352184,-9666.92809556559,-4.37884638329395,0.0437421250024242,-4.814812275013036
304,0.0012529032964646452,0.713970092407793,0.2947065834985002,-0.008275319795581722,0.08044923784134178,0.13812642633694283,0.1578621634352184,-9669.458955602886,-4.5600575085548245,0.04458836894739322,-4.919185619476518
305,-0.11801994145957816,0.5874162211884005,0.44799957473858354,-0.062425127079288614,0.09216101377496093,0.13254505639089176,0.1578621634352184,-9668.054018454353,-4.671630112484638,0.04582808356213573,-4.901602214114393
306,-0.11675870547705508,0.5420048741945305,0.5083412180990864,-0.0771784226251492,0.09032350399683711,0.12967339836216968,0.1578621634352184,-9662.867391716005,-4.723759636536691,0.0452465818092362,-4.876045817251773
307,-0.10059682006735067,0.6722889996865505,0.36980944981923924,-0.06521363420430096,0.07747956144166387,0.13563094689798671,0.1578621634352184,-9662.993916436775,-4.758890312604133,0.04373687642663302,-4.620599864068651
308,0.00040891689858975095,0.5934402582814998,0.44136737726158937,-0.03473256073837844,0.08591338582023691,0.13209598406346684,0.1578621634352184,-9664.666670110457,-4.693528999491809,0.04485234291926293,-4.599113529960842
309,-0.11586885842453327,0.5614345356075958,0.48630561377376724,-0.07437997894819184,0.08912203146406705,0.1300253355383653,0.1578621634352184,-9662.700789370909,-4.651991017318405,0.045087638583081686,-4.508570680632546
310,-0.11756261873794915,0.5652049961724538,0.4800934758037777,-0.07243201515639576,0.088210353479244,0.1294832958811072,0.1578621634352184,-9661.495744868522,-4.593420116061935,0.04486703759561247,-4.316630763944277
311,-0.11821010642703439,0.566580771101777,0.4767879694136177,-0.07069795283159974,0.08853994168634192,0.1297130201332405,0.1578621634352184,-9662.179819727693,-4.488558602084335,0.04492832472755001,-4.488975822110466
312,-0.00042703805883102065,0.8634516294126204,0.15102390475850824,-0.014682132842892728,0.06062895756453324,0.14042960467490895,0.1578621634352184,-9663.821540828214,-4.503724699040054,0.042370135908269616,-4.5612321561089555
313,-0.09424132995135945,0.7690318373936694,0.2596310760617776,-0.05049394923740581,0.06856533212425844,0.1376865837262125,0.1578621634352184,-9661.795130730845,-4.525076724496242,0.042752159787007665,-4.664529033526877
314,-0.10175652512038871,0.6865438996503088,0.35240459422147796,-0.062453672178828176,0.07541371574846843,0.13490672453136218,0.1578621634352184,-9661.013483639928,-4.575455768617663,0.04336738646085272,-4.906856816823669
315,-0.11420261400393472,0.5827479738059645,0.4644157331752166,-0.07344541407533274,0.08655350331215794,0.13031963248072323,0.1578621634352184,-9661.59645013864,-4.69096507288562,0.04469832578501177,-4.760246189646781
316,-0.11461496026576803,0.5786509288112514,0.46814977856091017,-0.07315164210005969,0.08765763134873689,0.12977887726939275,0.1578621634352184,-9661.690234450856,-4.694758030681275,0.04486119804764992,-4.761505343051915
317,0.000320150930345559,0.6562046712996727,0.3742972666366904,-0.03043558887169808,0.08043304385834041,0.13280292967990603,0.1578621634352184,-9662.674826266228,-4.7157038096546575,0.044149836595909014,-4.496821650597499
318,-0.11095216201100952,0.6292074581710927,0.4143653407312514,-0.06917916093530763,0.08132444664273913,0.13263575460665145,0.1578621634352184,-9661.374369228706,-4.613123595888115,0.04403266910896359,-4.3576000200863305
319,-0.0005977017739693605,0.8530879990986833,0.16283700515292693,-0.016168922948642223,0.06185904724690532,0.13974096146394038,0.1578621634352184,-9663.482017983599,-4.523072317050266,0.04247326841343014,-4.7447095322818456
320,-0.0010309368552314459,0.8808037000427811,0.1343011046469877,-0.01542845028559392,0.05861225870856736,0.14104227806681235,0.1578621634352184,-9663.854710328276,-4.620993494106086,0.04222001797691895,-4.670297231959399
321,-0.0004123725745820994,0.8593363634731319,0.15694041763235642,-0.016442144959384244,0.06109497632375427,0.14021966323189683,0.1578621634352184,-9663.799449516126,-4.635795209015342,0.042430245592730384,-5.0736232034901745
322,-8.041869311938016e-05,0.7525514741954424,0.2693252020896889,-0.021932618786487328,0.07278853093399468,0.13741155542327949,0.1578621634352184,-9665.115230324454,-4.799748117258203,0.04354609803962291,-4.440787281549068
323,-0.12291260407387816,0.5650517312900828,0.4836760299381194,-0.07712984264578382,0.08714808283452415,0.1318663646715224,0.1578621634352184,-9663.978498628092,-4.619607195585283,0.04481507069134953,-4.398068423620175
324,0.0014524388467175788,0.4640905812780869,0.5745111300644143,-0.03837885618074463,0.09985617616665016,-0.12486296175013537,0.1578621634352184,-9666.073047018024,-4.559258426991029,0.04682614046375964,-4.921531047249741
325,0.0004943359112028637,0.43531915312116093,0.6099500596597596,-0.04515647319093246,0.10149441039750462,0.12426247723140565,0.1578621634352184,-9666.983774825216,-4.71278377419159,0.0471337274416456,-4.3413473634775945
326,-0.0006059303299194073,0.912198430085871,0.10044329369644689,-0.012882455400289377,0.05557869029828784,0.14453129327961586,0.1578621634352184,-9667.32621400942,-4.553283615152371,0.042161063864465394,-4.539719720770407
327,-0.0005613931175766928,0.7746206358205636,0.2384497122292914,-0.013381754195869696,0.07194999705832636,0.13901430867678205,0.1578621634352184,-9666.593686720993,-4.5561472442408935,0.04353933964701218,-4.390721328127152
328,-0.1054654716489406,0.7309392314234556,0.30173749171587694,-0.05713707900359408,0.07189350708918527,0.138274292383001,0.1578621634352184,-9663.54473377523,-4.48546283279022,0.043135849246693087,-4.663377900516517
329,0.00020602235006171165,0.52075443227073,0.5167292491778647,-0.037489582181421635,0.09254905804666858,0.12833049460072682,0.1578621634352184,-9664.68922629985,-4.578351055739258,0.04566357746973036,-4.8783273230679205
330,-0.09556726956457104,0.8132881927556472,0.20924225321856824,-0.04464724085632785,0.06594712846893591,0.13870145065672518,0.1578621634352184,-9662.04013457822,-4.6725885670965335,0.04261799934400068,-4.743692728945779
331,-0.09895982994050087,0.7621327252379362,0.26516022829282515,-0.05016038535610923,0.070738625686799,0.13702689472698604,0.1578621634352184,-9661.854154368286,-4.677438964586501,0.04303009381434671,-4.254113008846013
332,-0.0006983314672770432,0.6891040553158909,0.3320769700784487,-0.021468578015983703,0.07922943195498712,0.13517208859759966,0.1578621634352184,-9665.044010524041,-4.510273438913355,0.0441488239542768,-4.634575043858122
333,0.0015370326331524662,0.5695141724734146,0.45714063504809777,-0.02640287484851639,0.09106011358927904,-0.12972395236701767,0.1578621634352184,-9665.260217208759,-4.582841969443229,0.045540472058982956,-4.847419754657649
334,-0.0005726910133273252,0.9912434785841944,0.008825419630979228,-0.00027249239694141034,0.05057652457939448,0.14375801873848795,0.1578621634352184,-9665.345480966005,-4.679358439790644,0.04187135038544794,-4.433291606466319
335,-0.001127325545338234,0.9539684491616423,0.04538549264994646,0.0002685944240847486,0.055033468545482724,0.14318764276946636,0.1578621634352184,-9665.7953444855,-4.572437831009391,0.04221044112778907,-4.6044235552004205
336,-0.08891626701375674,0.9006156371833631,0.10848299636268911,-0.029731398455015046,0.05923844384318981,0.14209767398863832,0.1578621634352184,-9664.051939699013,-4.573025370716562,0.04223099297257077,-4.405107156382425
337,-0.00010628982389682723,0.788398571825792,0.21372343810432765,-0.0023326893550936556,0.07326007327599024,0.13797477205301945,0.1578621634352184,-9665.819579190413,-4.517198798893396,0.043703676812413016,-4.5626822365266
338,-0.09232247989858575,0.7995187780285722,0.22283436544736435,-0.04373174070147202,0.0667106946990825,0.1387799219603043,0.1578621634352184,-9661.775914281729,-4.531079470823232,0.04264237521450076,-4.135089136974012
339,-0.0006861625807354495,0.8067712793454409,0.20774681342313878,-0.014795578814075415,0.06650245293996684,0.13971922065661724,0.1578621634352184,-9664.622432393833,-4.3892864556161095,0.04287385283311775,-4.380710695452241
340,-0.00015348484287549895,0.7817182660730803,0.2333221003678746,-0.015196325826834625,0.06918175324103013,0.13887979079796953,0.1578621634352184,-9664.648131813867,-4.4078624504512804,0.04311247373723752,-4.9408453301180195
341,-0.10694914487144061,0.6881074415042845,0.3377191633807166,-0.05056401209725693,0.07900251648392086,0.1369655066184557,0.1578621634352184,-9665.294020628773,-4.609383461526713,0.04398791109010251,-4.662276034130965
342,0.002451208225376088,0.4778919069134607,0.542005753831769,-0.019361242774924205,0.10239925948525981,0.1244424213618265,0.1578621634352184,-9666.691366470643,-4.611291899987805,0.04723029619001371,-4.910683983570328
343,0.0003157596559709323,0.8256862373981787,0.17889085621072218,-0.004521543064628901,0.06763541378616647,0.14082585986404034,0.1578621634352184,-9667.109531642294,-4.721713250745557,0.04318059873445985,-4.756992359696987
344,-0.08215941097852353,0.8601930764797248,0.149721016454604,-0.028860292804421137,0.0641637496513176,0.14176265472810068,0.1578621634352184,-9665.68370772144,-4.7015537317073175,0.04273221476292159,-4.887645478339329
345,0.00019653782210546678,0.8652565749357002,0.13433747989486733,0.00046418065443780074,0.06468833485326544,0.14173156058087222,0.1578621634352184,-9667.334947843507,-4.7720380069846655,0.042990713751327236,-5.153233583435985
346,-0.08449804730926927,0.8129405813290271,0.19543077969324274,-0.027755981594823946,0.07182177235626674,0.13999502597121932,0.1578621634352184,-9667.118881151802,-4.890887205546457,0.043597249685011316,-4.636341298809024
347,0.0005357562042607084,0.7621064993192234,0.24017070179437602,-0.0020960264370254262,0.07510498897655918,0.1395519419550475,0.1578621634352184,-9668.646490000105,-4.771244952664074,0.04393848152069268,-5.129631728176805
348,-0.00032488169329899776,0.7314896882178696,0.2795825179727956,-0.010978103949076373,0.07586203874903333,0.13955603851681503,0.1578621634352184,-9668.848046237434,-4.90871711830502,0.04394919287801669,-5.156800870814792
349,-0.10412627678657804,0.5289614563202671,0.5014160565263474,-0.054058200234687125,0.0998922391556063,0.1282338051447211,0.1578621634352184,-9668.22658376869,-4.97066324677596,0.04691349195412473,-5.026616201249278
350,0.001572609882382104,0.4514886913185418,0.5617384578480116,-0.012554054895209043,0.11059756440959606,0.12093012361035392,0.1578621634352184,-9669.386960634918,-4.976812955725822,0.0487754296025248,-4.456190613890316
351,-0.1118431572434711,0.511020384802399,0.5150455700671104,-0.051608069884677435,0.10200578114403511,0.12865330359790822,0.1578621634352184,-9670.267438296285,-4.7438105411674885,0.047270052573260696,-4.759195770224801
352,0.0019278580923832815,0.42697458832691393,0.5718067738117982,0.0018682187257998356,0.11727305820060283,0.11776468228573812,0.1578621634352184,-9671.568309329441,-4.790233220409832,0.05005124534641036,-5.131698730585476
353,-0.11908485201137409,0.4445929305215907,0.581492212217016,-0.0531954057704055,0.11255867197935014,0.12230218527778083,0.1578621634352184,-9671.347402997575,-4.908072852196377,0.04914340243122341,-4.545580902593062
354,-0.08874178826105401,0.7077873106455381,0.3080599311425648,-0.03613048797453279,0.0808322610708429,-0.14113771076606751,0.1578621634352184,-9672.338697075895,-4.740457513005883,0.04461649182728353,-4.572224570571661
355,0.0009665966905058163,0.44091873426482797,0.5604346227195109,-0.0009413104166204344,0.11183371546322185,0.12395889126027837,0.1578621634352184,-9673.547299729371,-4.691812827391839,0.04909118924423713,-4.493977647877096
356,0.0014767376088545376,0.4058768361747362,0.5921659994451768,0.002490008933212326,0.11686915205839299,0.11980639749094973,0.1578621634352184,-9673.517856839782,-4.640976762431489,0.05001267176009932,-4.765809842704099
357,-0.12547372201444662,0.4083940240140096,0.6180518153470678,-0.05509946267816425,0.11425378059580396,0.12188725438005367,0.1578621634352184,-9672.46742671016,-4.691511784477362,0.049449582532985537,-4.851405215925554
358,-0.125431134379134,0.35343148926111145,0.6806045441424402,-0.06258387630952902,0.11791902025415024,0.1182266912061863,0.1578621634352184,-9672.38644053407,-4.727862432487929,0.050183461487500663,-4.840353987005229
359,-0.11414551086822602,0.39255891414356797,0.6449854281705935,-0.06344779656210231,0.11068962047260766,0.12385713619993168,0.1578621634352184,-9672.030730155728,-4.75783291896592,0.048784173863292216,-4.796652803859982
360,0.001444517352708427,0.3913149798639479,0.624417845223348,-0.015040696576215186,0.11041100810233317,0.12414705213769223,0.1578621634352184,-9673.188619206105,-4.779201097561151,0.048802320673926966,-4.946179672138936
361,-0.00020165063023518375,0.375134258542457,0.6487078729596363,-0.02341381242186115,0.10730025909957978,0.1255310848770608,0.1578621634352184,-9672.522921943542,-4.844810214326021,0.048198691128758714,-4.589089638577956
362,-0.09682107896452832,0.4766219972925312,0.5566823586510992,-0.055140474185053974,0.0986275336679128,0.13202646368097976,0.1578621634352184,-9671.566836984886,-4.723844510130408,0.046679969713097694,-4.822395751599649
363,0.00020994857729865078,0.29813645638507,0.7264448456072965,-0.023992252531710008,0.11224556394968983,0.12070074417597171,0.1578621634352184,-9672.529231717806,-4.778631977369154,0.04911708331625671,-5.0302172651672
364,0.004366617536815227,0.3518345555632626,0.6629419632511196,-0.013160942806591934,0.1102998507624405,-0.12312437859948147,0.1578621634352184,-9672.738610008744,-4.868568947969917,0.04870470498480912,-4.88166823492266
365,0.0005884500665493289,0.8231533919399445,0.17140242868262642,0.006009157220688743,0.0628168548264964,0.1468552908806668,0.1578621634352184,-9672.328251878522,-4.863587999032198,0.04253651113812784,-4.946935136081613
366,-0.09880576306638053,0.3861202770065789,0.6424306475724642,-0.0506206836547832,0.11109937309212214,0.12264350653756093,0.1578621634352184,-9671.175115066211,-4.866397135508073,0.04876145946703867,-4.733690659502071
367,-0.06737235100955005,0.7153436195089384,0.27933543159774543,-0.009605251494284803,0.07952935271376069,0.14028043962428385,0.1578621634352184,-9670.554688163693,-4.8057570035196475,0.04418538260364002,-4.903702599850885
368,-0.09705291342353811,0.4401677236296522,0.5856753950416221,-0.04759539882445099,0.10728582809741148,0.12265260387975865,0.1578621634352184,-9667.738743087453,-4.845864115934301,0.04795570487951906,-4.685885495431146
369,-0.003173298995157157,0.8522208404392401,0.12928134197767746,0.018197986793328666,0.06315196288966234,0.14275095986823358,0.1578621634352184,-9667.555478140937,-4.787513851092725,0.042437481347488676,-5.15740771889434
370,-0.06431222009858381,0.7157124077016226,0.28923658589778894,-0.01920280892830982,0.07853254820544472,0.13843861390581325,0.1578621634352184,-9667.649689048865,-4.921597816930499,0.04400722273487797,-4.786573498818743
371,-0.06803305037744148,0.685885796226642,0.3223972376439813,-0.023414125385910853,0.08078438575332003,0.1377615583420988,0.1578621634352184,-9667.722638031539,-4.845142254305952,0.04422629113150944,-5.004369360885982
372,-0.06785399240186955,0.6664618298637983,0.3490422304980356,-0.030593761032987617,0.08136908079284189,0.13764305648235398,0.1578621634352184,-9667.810691245299,-4.9004463254694475,0.0442850030592396,-4.60469618742861
373,-0.06541560421013612,0.722873765912139,0.28855483421452754,-0.026029966732787575,0.07548367124565933,0.1404965354321408,0.1578621634352184,-9668.424684236472,-4.773680843023786,0.04366480373430747,-4.642475032430513
374,0.0015888757269667368,0.704421528943832,0.294928914101408,0.0013729380714943055,0.0761394133238264,0.14020149842801738,0.1578621634352184,-9669.261039532843,-4.7481184397835525,0.04374086775802961,-5.019590761599321
375,-0.07899534566369229,0.561295376038812,0.4719072727658534,-0.050901323256204736,0.08847704364861667,0.13531586732231676,0.1578621634352184,-9668.589662504543,-4.8466042500969975,0.04513345970792065,-4.716993721009562
376,0.0015684418823490225,0.4023185845809981,0.6234454008268602,-0.0250570993625031,0.10558158236469793,0.12430188117745158,0.1578621634352184,-9668.963420701357,-4.796444834038693,0.04780773656060068,-5.219892323497092
377,0.0015949090686710118,0.4726094675413198,0.5569907311315105,-0.02883218482746916,0.09644758801101005,0.13151484116554768,0.1578621634352184,-9670.355029241007,-4.95599092016309,0.046396451794783286,-4.236716616091738
378,0.0015909883903419278,0.3678007647060753,0.6658760503215768,-0.0330807842379009,0.10887279627069438,0.12625456829584308,0.1578621634352184,-9673.990562411385,-4.675240555326795,0.048665277052821226,-4.708603181985754
379,-0.10150986857423958,0.4130315996689194,0.6476164454976556,-0.08364710148152321,0.09880310175155099,0.1325584296278333,0.1578621634352184,-9672.538835383526,-4.703931827321133,0.046824124946332576,-5.291157258177314
380,-0.1013417783223755,0.41225544369055117,0.6479203694831273,-0.08305660879082521,0.10168426376726016,0.1325089618881969,0.1578621634352184,-9674.624130545311,-4.914170287335782,0.047439180796110904,-5.209474624620096
381,0.0013108956358235122,0.4027458282796992,0.619361177847644,-0.02133342845805089,0.1099964955103823,0.12656132786331092,0.1578621634352184,-9675.055235359809,-5.009393455608492,0.048889540955427205,-4.845748098224109
382,-0.09663381848917155,0.390821175554452,0.6559969942922852,-0.06848267161481236,0.10800154128002948,0.12793531109928152,0.1578621634352184,-9674.249283085219,-4.895369029372414,0.048463430107657655,-4.800893996333784
383,-0.09990443768212579,0.4020687038686044,0.6473370193815065,-0.07187801216434053,0.1066863267175013,0.12885176102000684,0.1578621634352184,-9674.11215086571,-4.868433946647952,0.048247356753757714,-4.109951541050541
384,-0.10432388856791344,0.48014739403505335,0.5696465661924961,-0.07349658759302738,0.09766941616095683,0.13787517335810065,0.1578621634352184,-9678.341903050756,-4.592614075118943,0.04694302576429535,-4.915597119489936
385,0.0020193547798315233,0.4171589442582251,0.603920881153597,-0.02043771325505498,0.11288893805212621,0.12917686454463193,0.1578621634352184,-9679.923666680244,-4.764760894819061,0.04970973269777012,-4.46627597091768
386,0.00043813245203482145,0.42319027639450746,0.6037021563395619,-0.02668811515496782,0.10981484575412231,0.1317407183504202,0.1578621634352184,-9680.578499643467,-4.640736169079653,0.049175633852687556,-4.976152612549273
387,0.001030113149221542,0.4497064056909924,0.581252633354095,-0.030511501155500123,0.10248126463144612,0.13696720638036625,0.1578621634352184,-9681.13661247834,-4.777362987793612,0.04790076803980271,-4.587284139340682
388,-0.022289644025492536,0.4559333804541589,0.7303150734919509,-0.19106679699393664,1.9525446583101763e-09,0.16271447091291263,0.1578621634352184,-9677.622172709905,-4.700619243461918,0.036919272552334625,-4.901700275916896
389,-0.10387074500152103,0.4908106957999867,0.5660454368237711,-0.08042406876814764,0.09423604102921648,0.141762067141595,0.1578621634352184,-9680.393414589673,-4.765063727353162,0.04654812562601451,-4.527384670323254
390,-0.10002999709037788,0.3786567260738928,0.702188669018613,-0.10347659708443314,0.0942653762657989,0.14041822912667723,0.1578621634352184,-9679.34508359726,-4.667165139275094,0.04639826167889835,-4.527505875157974
391,-0.09578869198570075,0.42115582508011673,0.6530450627240336,-0.09587597928901864,0.09105808278536723,0.14230504603589872,0.1578621634352184,-9679.188111156116,-4.625257771016312,0.04588673993897474,-4.4727582410870435
392,-0.017857477223840935,0.7298283205055703,0.3971827633330077,-0.13086733595213154,-7.003743704962876e-09,0.16226361957915642,0.1578621634352184,-9675.74538265524,-4.605613542182424,0.03690031028838968,-4.413721741675983
393,-0.03349307940685073,0.07694551248526148,1.178261069385409,-0.26244947321045675,1.188514908121624e-08,0.16166537417508325,0.1578621634352184,-9675.527655886777,-4.562735217823374,0.0368752399418337,-4.31555256667512
394,0.001366216845376316,0.48939104577791104,0.566273281569267,-0.05517800458929113,0.083942054092181,0.14517498880042423,0.1578621634352184,-9680.030210230987,-4.478960052458929,0.044953062779499196,-4.622706750830309
395,0.0014873211381700641,0.43911319526837767,0.6177079034087207,-0.05631339324695936,0.0908643046526294,0.14194716995754958,0.1578621634352184,-9680.124386722537,-4.548235259097712,0.045960624642518516,-4.492913032606416
396,0.0010713286478345688,0.44757330812647234,0.6095066582660404,-0.056677080800418486,0.08990289680467702,0.1424605244498863,0.1578621634352184,-9680.142270676251,-4.530564382423254,0.04582415819049744,-4.616782419119113
397,0.0034890310795142204,0.6972621249554098,0.3975334502963134,-0.09374434398825846,0.029477862092063614,0.15960930592886263,0.1578621634352184,-9679.384181795765,-4.588442176775699,0.03916708632214862,-4.9252312262395055
398,0.001677327215865443,0.4828536946035822,0.5688900404446937,-0.051153580033832746,0.08936294118451184,0.1422766686645796,0.1578621634352184,-9679.671019886666,-4.69740628361817,0.04577564551994341,-4.922441900452789
399,-0.03037167235705507,0.36450060271006635,0.8233558190131642,-0.19437959312678643,-1.7250795907453195e-08,0.16160857714569143,0.1578621634352184,-9674.800272043218,-4.748092139062188,0.03687284666335904,-4.73675096120247
400,-0.0006846743933783541,0.38034364310334523,0.7747466441414641,-0.1547962456622229,0.022899404552148523,0.1604135664987788,0.1578621634352184,-9678.339956176154,-4.75398264178539,0.0381741978780201,-4.802953874365853
401,-0.0007366560591946854,-0.024254248526542857,1.232524513695501,-0.2077334087507078,0.02908715809470327,0.15718995125777446,0.1578621634352184,-9676.12011803001,-4.771938353198991,0.03836684275398828,-5.233264899452349
402,0.0026486648800135727,0.2856923697027354,0.8625033942626368,-0.1469507211767918,0.03262104384761755,0.15817157779195878,0.1578621634352184,-9676.990748602997,-4.914354534177009,0.038739050617932036,-5.330989165281706
403,-0.00018930325554738253,0.15228393788251302,1.0159440180247765,-0.16750082026865043,0.030275100473517808,0.1586670990899341,0.1578621634352184,-9677.928386205676,-5.023631494518075,0.03847057857360865,-5.437121625650393
404,-0.017099215266794546,0.9862481982294538,0.07004632861657409,-0.059886412161412016,7.52579701658057e-09,0.1615342787170389,0.1578621634352184,-9674.996332830622,-5.082636513112979,0.036869737129248126,-5.229149239189109
405,-0.023864275531334585,0.8040624907329246,0.27834145291279655,-0.08740704815506793,-2.9453410822335224e-08,0.16071328760084616,0.1578621634352184,-9674.439199781142,-5.081388805972496,0.03683535478225371,-5.221600210951087
406,-0.038125086867204686,0.2912808028560352,0.8799737532361283,-0.17925471907022544,9.396391991095332e-09,0.15941862223843134,0.1578621634352184,-9673.401928296647,-5.086119618516189,0.03678119520470491,-5.102140412978537
407,-0.004990565822429606,1.3986915581758375,-0.41344493704735813,0.013722157281388044,-1.3399642543250033e-09,0.1587637968694509,0.1578621634352184,-9671.126150924672,-5.063589603755813,0.03675383463264601,-5.250067797287819
408,-3.4682085365363586e-05,0.31216182987763325,0.8174457101123295,-0.12875867194899682,0.03630868580436463,0.15540300618021058,0.1578621634352184,-9675.602496207972,-5.1417552238271504,0.03886473138148,-4.9568210185863455
409,0.00212360077522344,0.10237194845123478,1.0321835711562768,-0.1329099650284043,0.047390612384177966,0.15049017713296658,0.1578621634352184,-9673.850568534726,-5.071830997647636,0.039702733412206384,-5.582508427775653
410,0.0030294560350749345,0.9789551797781928,0.044147178356067164,-0.021870483832635054,0.027065109907099746,0.1563433782883683,0.1578621634352184,-9674.61996162997,-5.24761111462452,0.03914505813669536,-5.439982399146311
411,-0.05835997529344583,-0.051768487289053325,1.2397954884725708,-0.2000943078778757,-7.921296374321135e-08,0.15743624317047805,0.1578621634352184,-9672.28034265727,-5.216774920585437,0.036698399939462965,-5.329894026708862
412,0.002142120578343904,0.10669899117060247,1.043433539166486,-0.1484983547764146,0.050836391759367716,0.1495265291647252,0.1578621634352184,-9674.981626515286,-5.2768029767398055,0.040188375139636606,-4.004099108852583
413,-0.03674408216949848,0.7222423710816985,0.34773230728159404,-0.0776635051720854,6.040706418478877e-08,0.1648717947504974,0.1578621634352184,-9681.480370005755,-4.821017501836515,0.03700977145937779,-5.051185999093795
414,0.0007300944898648261,0.38697232067242415,0.7198677186689334,-0.10583734705534856,0.04004438051190909,0.1586964892613243,0.1578621634352184,-9681.463125995739,-4.963802439770794,0.03938139347413576,-4.859820290810237
415,0.001603659291737765,0.08308555865678749,1.0444658402989986,-0.12600579383015661,0.051797610059327384,0.1534881736581617,0.1578621634352184,-9680.239348877174,-4.942109495574944,0.04035339550031977,-4.872311459156939
416,-0.0929646146530299,-0.3991858603917063,1.597102162064076,-0.21734812418940286,-1.4498312716977085e-07,0.1599434170500433,0.1578621634352184,-9674.885481388084,-4.895113296277767,0.0368031370643223,-5.132731692264014
417,0.0025579812457690795,1.3037014981163488,-0.3337550695434621,0.03098412087369927,0.012633415539097491,0.15959876191020983,0.1578621634352184,-9672.926773169385,-4.999276623496397,0.038817763786314075,-5.110470184935636
418,0.0025417751086015032,1.2769395272025768,-0.3080443150892782,0.032093257239985,-0.01421939914379997,0.15949699511665066,0.1578621634352184,-9672.614294531884,-5.035772643101906,0.038814174326342654,-5.06396385066343
419,0.00015808240393957383,1.2477543748150217,-0.27981194845780255,0.03256385140677803,-0.015052786582863967,0.15853357625269532,0.1578621634352184,-9671.797032084598,-5.042011325545183,0.03856722771255422,-4.723894663131729
420,-0.10370261437657417,-0.0375471367355229,1.125905758185957,-0.10998752704530204,-1.1058059628423097e-08,0.1575801229206713,0.1578621634352184,-9674.07094328815,-4.905047506420755,0.03670440303711289,-5.062718404738144
421,0.002281922228047127,1.109079309449318,-0.14998606048506324,0.04219290000142907,0.02573518309470177,0.1550407404520428,0.1578621634352184,-9669.198020901016,-4.999500502284762,0.038957746158696335,-4.680217446969782
422,0.001530098911462869,1.0768310218352029,-0.11987531202696615,0.044200413909961,0.027209807655675586,0.15567187840516966,0.1578621634352184,-9670.393354784701,-4.898790824660959,0.03896008036607443,-4.8949230378117745
423,-0.03494675580237157,1.1008801471841978,-0.1303970403678587,0.02229717545712468,9.634318373494548e-08,0.15662243046382443,0.1578621634352184,-9665.070320950876,-4.884238483907883,0.036664467701473,-5.013188066045362
424,-0.051904488410866825,0.9472908104811715,0.012772172841018736,0.029221161027123868,-7.348544030240566e-08,0.153726561253915,0.1578621634352184,-9663.689330987942,-4.925137591857066,0.03654397024508506,-4.873013018486323
425,1.033019465503055e-05,1.1083422194594594,-0.14325813686478853,0.035584285478541366,-0.021520647824332724,0.14858255512532784,0.1578621634352184,-9658.693053197241,-4.93675489350977,0.03806460203080246,-4.661743687638484
426,-0.10028644092638231,-0.04104016597152811,1.1292920745836814,-0.10916307133212622,-3.561120478702481e-08,0.14993962041292733,0.1578621634352184,-9661.490270345324,-4.824716046084225,0.03638705859589879,-5.03261451209079
427,-1.4383675012547837e-05,0.9386329648019127,0.025364678593888697,0.03692415141589482,0.030910989995249657,0.14645580278785272,0.1578621634352184,-9659.164972296581,-4.934977135610894,0.03832255022695707,-4.802338164039895
428,-0.03003239451907013,1.1105369334001942,-0.1321716201084336,0.015440101976317077,-9.102089200622133e-08,0.1488023147557267,0.1578621634352184,-9653.309541120172,-4.866214797048217,0.03634010177614036,-4.783165779205126
429,0.000513191615755842,1.1989271952283849,-0.2454627962707523,0.047181321846203175,0.013730071254732374,0.14539756275991955,0.1578621634352184,-9651.687924060536,-4.872858668341457,0.03729274951704427,-4.567740141181187
430,0.0015384170092798235,1.1748343337805007,-0.22814572292044058,0.054237657807209155,0.015383088844144525,0.14510097103657593,0.1578621634352184,-9652.168484253594,-4.787348800159139,0.03735726997798642,-5.203667465174019
431,0.00031604259227781197,1.1274706852187322,-0.19293374569543698,0.06629481704501067,5.1411740458682826e-05,0.14724098707924466,0.1578621634352184,-9653.446935139047,-4.953404621254101,0.03634302778397902,-5.1136161605071235
432,0.0016936115196706561,1.07109008284458,-0.14442758797730615,0.07461820089589716,-0.0008034884543204966,0.14712331754925378,0.1578621634352184,-9654.384043617245,-5.004134126481674,0.03635050485167789,-5.164038352738586
433,-0.0002071538715267271,0.9729002378909657,-0.05997397523161457,0.08816442416792065,-0.0015244100962356626,0.14620281214102754,0.1578621634352184,-9654.358165431027,-5.049618808387451,0.03630072042506702,-4.914711112253432
434,0.001251946354075815,0.9640335650760694,-0.027832396526226606,0.06507615693824645,-0.00027526103087689355,0.14626606923061594,0.1578621634352184,-9653.222272745768,-4.9996017393065815,0.03630904158188199,-5.183710660186317
435,-0.033216984837811714,0.9840061530926156,0.00927671012159599,-7.764405761520371e-05,-1.4877239568090299e-08,0.1460510279642563,0.1578621634352184,-9649.302948575832,-5.023697714195171,0.03622682719508476,-5.266871953131267
436,0.001995918183490066,-0.2725882256574813,1.367852439630541,-0.09298601191007905,0.02416297879593162,0.14189431496753607,0.1578621634352184,-9653.779762678561,-5.11887842874946,0.03719404877758329,-5.28238213072651
437,0.0022823963414047082,1.1237909667494481,-0.13968962719002825,0.016898933865020355,0.014144468068218587,0.1440436954844314,0.1578621634352184,-9648.925345325462,-5.164132266304872,0.037204875286982665,-5.343663538003301
438,-1.0005578326274229e-06,1.1437146945603542,-0.1616928808754849,0.01845916259249566,0.01166177951147076,0.1442040951398501,0.1578621634352184,-9648.67216196667,-5.20611434946132,0.03696472386425298,-5.55638150109983
439,0.002034681606854099,0.18369674724723534,0.87424539512497,-0.056045756574902184,0.04488654204293864,0.13824740485863615,0.1578621634352184,-9652.386293739675,-5.305369233992026,0.03855966231885178,-4.611157967337099
440,-0.0007418317469411973,1.0830014103861112,-0.10873808412984651,0.026177961706039116,-0.00034418094012479716,0.1477203739725551,0.1578621634352184,-9652.987949258484,-5.0524967290860765,0.036361630406946815,-4.80295642344849
441,-0.03343376644722387,0.9878473824548004,0.0014137288049652066,0.003923857733069747,9.468050610821336e-08,0.14695733557926305,0.1578621634352184,-9651.345792331007,-4.954678289803167,0.03626409712308856,-4.432981668486295
442,0.00042837453443103526,1.0768729680352116,-0.0968089679887004,0.020564552602811384,0.015738815297998438,0.1468332491369425,0.1578621634352184,-9654.392476217887,-4.823668751942961,0.037288551545105963,-4.726038351707708
443,-0.02524565915012785,1.1155138992370754,-0.12660293438661063,0.00589922827916255,1.8750513887591585e-08,0.14710001679270468,0.1578621634352184,-9651.52324663568,-4.805455643362031,0.036269959575187666,-4.90958182687531
444,0.00017150767728459174,1.1091049334580556,-0.130927018413377,0.022355544615207924,-0.014404120899101742,0.1467584154711769,0.1578621634352184,-9654.07086362383,-4.882643412721356,0.03723283075002484,-4.539530032325917
445,-0.0005189724213648117,1.0883304472954165,-0.11073674568005398,0.022799186383047728,0.01543856387634848,0.14738312695488812,0.1578621634352184,-9655.231195600642,-4.785149809101288,0.03729060006592022,-4.842787416738649
446,0.0007663338997103169,1.0253176824835322,-0.052883204846181184,0.02837951759602775,-0.0003949437899421044,0.14826730449891032,0.1578621634352184,-9655.582081729788,-4.845048435782892,0.03639650321913913,-4.892040600847193
447,0.0007332619490152516,1.3145005387243,-0.3528176098517031,0.03877933305945288,0.0075948856588543305,0.14825957407418083,0.1578621634352184,-9654.20849890122,-4.865397660810851,0.03718658068683066,-4.839348075890983
448,0.0018760570641219048,1.3081110039135797,-0.35090759035092334,0.043534640015000896,-0.007870740173968382,0.1462243652753793,0.1578621634352184,-9651.276649814492,-4.867602470321379,0.03709955297676602,-4.691625304538766
449,-0.019041957640907117,1.2524505585154202,-0.288684179629465,0.0323530430857214,1.4256848291535172e-08,0.14659648757635668,0.1578621634352184,-9649.758111829176,-4.801892114524979,0.03624932248975056,-4.968745423282153
450,0.004780949459394826,1.2105255485544806,-0.253935353830859,0.04492189736767502,0.014919107746017544,0.14593036759483807,0.1578621634352184,-9652.972435996684,-4.89226047183073,0.037610832323444296,-4.539876778330443
451,0.001620025508836667,1.082910851602199,-0.1281645949990768,0.04621518510732717,0.01697267267844623,0.14661376200502754,0.1578621634352184,-9654.10579635124,-4.783773822664841,0.03730137475697759,-4.709234223151123
452,0.0015954813531409442,1.0816850296815672,-0.13032881446933448,0.049633106301342926,0.0004496575135714886,0.14775745098227736,0.1578621634352184,-9653.89789870552,-4.793152933251983,0.036375717601317185,-4.802519366875835
453,-0.02111409902383348,1.2280039991960372,-0.27710653055749435,0.0448250640335502,4.496071522840397e-08,0.14793792583967352,0.1578621634352184,-9651.37531205793,-4.789172038941977,0.036304664896431756,-3.8651347462639274
454,-2.2068671617988323e-06,1.2522165053474872,-0.3159321620681206,0.06412738668164256,-0.0002973423656089171,0.15192357083812488,0.1578621634352184,-9657.975676280814,-4.533938487890199,0.03652834255780187,-4.314765341746227
455,-0.0006309322574993545,1.243829744411324,-0.31478045856096026,0.07121923831330773,1.0975927875924292e-05,0.14946527540977406,0.1578621634352184,-9655.260267590089,-4.5192680505043885,0.03641605319907208,-4.407020132272154
456,0.0022462868668581,1.2190266458130248,-0.29767825491409916,0.07962382122614117,0.0002058243625530469,0.14928808199346857,0.1578621634352184,-9655.650773121832,-4.533852976799543,0.036434366919070406,-4.640608590830664
457,0.004685023104816551,1.1967397504544297,-0.2848393512952958,0.08966589733958513,0.00013759290454728288,0.1492739326487171,0.1578621634352184,-9655.75282714227,-4.607033695231185,0.0364536373134858,-5.080908730166868
458,-0.0710913690913394,0.20332077138665428,0.8885093293209811,-0.10666307024792117,2.001557025617248e-08,0.15126359666650807,0.1578621634352184,-9661.352535782144,-4.7505371415045765,0.03644182641472561,-4.528483969953181
459,0.004658143380102182,1.1299282819736032,-0.23647383614959033,0.1082253222865398,-5.3601607395980115e-05,0.1502777629443931,0.1578621634352184,-9657.555689972698,-4.697019579337449,0.03648235826212665,-4.989761751749337
460,-0.07250571356539721,-0.048385815297317586,1.248702489324944,-0.21559904250868286,2.5883044607859674e-08,0.15164819125334303,0.1578621634352184,-9661.94298499932,-4.7729032506414,0.0364577559728667,-5.01707642352189
461,0.0020684635758924713,0.9543520139621655,-0.07659840909842433,0.12358260012216024,0.00010189826654606032,0.15081059653505413,0.1578621634352184,-9659.646670106824,-4.8675417973415485,0.03648210646881885,-5.358351472533892
462,0.0030143922712034675,1.126169382964798,-0.2604118168569007,0.1355489193635675,0.00011785689782458804,0.14936301092729595,0.1578621634352184,-9657.253862117119,-5.007545328417301,0.03642402352338575,-5.166394754861571
463,0.0004928299101349166,-0.508879191838336,1.6541870785344734,-0.14383970033031546,0.00012164572327676737,0.14635098189360818,0.1578621634352184,-9655.869659499149,-5.039363741463307,0.03632009607396721,-4.990113200949771
464,-0.024320444920933684,1.00657361602569,0.030338434386755177,-0.04197821986135905,2.3540178038617795e-08,0.14939721070689904,0.1578621634352184,-9655.58642718424,-4.970897151420732,0.03636465203270789,-4.9696803732158035
465,-0.0346407397342503,0.8564360214696631,0.18001530000682028,-0.04362251763190701,2.5761787369890147e-08,0.14813348900044027,0.1578621634352184,-9654.72652062966,-4.954495570203458,0.036312512449235904,-4.752278567287484
466,0.0026551949943801846,0.9439863201010472,0.06516598081920477,-0.008150106965047137,0.00025119275697667006,0.1456831426296626,0.1578621634352184,-9652.194514113027,-4.908362631482603,0.03631966799229265,-5.300031621860429
467,0.0024558586665900037,0.9780413598562195,0.03221196979011097,-0.009319873209414208,0.00011946331085889756,0.14663880038378574,0.1578621634352184,-9653.459882802992,-5.042473862325075,0.03636325245347144,-5.240616517469148
468,0.0011087486622859486,-0.5031439676132794,1.6769900566426141,-0.17237608527830056,-8.753461793917199e-05,0.14582194742563864,0.1578621634352184,-9653.943117208884,-5.089485032986581,0.0363044462031174,-5.0602451601072
469,0.002359153489719881,-0.42032434123217155,1.5662163706889922,-0.1440943324773655,0.00033530616765109597,0.1456488835143303,0.1578621634352184,-9653.53886954726,-5.064027198605301,0.03630085905209276,-4.866928318364967
470,0.0019109495297706608,0.8184114920254193,0.20143821816966515,-0.018901699952229182,2.861073208862127e-05,0.146182636968118,0.1578621634352184,-9653.13476901465,-4.99479128576204,0.03632704981798256,-5.312340553847022
471,0.0023249369969811735,0.779434408163716,0.2657340726802699,-0.0442025345581089,0.00012486711082619557,0.14564770803577876,0.1578621634352184,-9652.49947972378,-5.100214102144463,0.036322681977610176,-4.7697069830721075
472,0.0019720359764078786,0.6964151938334435,0.3507657399042211,-0.04622200761075734,0.00010018677355826915,0.14629906635191675,0.1578621634352184,-9653.294033104017,-4.98169103178283,0.036338211111306584,-4.981005017401062
473,0.0024355886039956597,0.14575964082194934,0.956987532371202,-0.10136089447937713,0.00040430567492382157,0.14601046226908299,0.1578621634352184,-9653.293440731228,-4.990148746297953,0.03632304455332863,-4.905265318073816
474,0.002250067154328163,1.2699232840287662,-0.3026378630805635,0.0334826700605069,4.1433111879000565e-05,0.14593017527526103,0.1578621634352184,-9651.86144783843,-4.9699378960818335,0.036338167105003816,-5.028127538745091
475,0.0029077131137739617,1.2753550077553597,-0.31430268521821725,0.03986356996634342,0.011125449373395326,0.14502329483258106,0.1578621634352184,-9651.845006704083,-4.986594644904821,0.037406285020355784,-4.669711247752517
476,0.002253972909556843,1.2550549490176932,-0.29654730502919924,0.04228891021831418,0.011735758330044057,0.14557787497622704,0.1578621634352184,-9652.39546427096,-4.881136112213707,0.03736544476912994,-4.84530115286297
477,-0.012447882028522629,1.219755175685119,-0.2436920198978944,0.021491330260963074,-0.0012308362886039605,0.14684281734919374,0.1578621634352184,-9650.578595517962,-4.879436638657057,0.03627265274294112,-4.303555844467695
478,0.0023906774698771935,1.1963450435955107,-0.24765353379539393,0.05223357123452309,0.00030106734230989736,0.14761386169216825,0.1578621634352184,-9654.81106053058,-4.725523407483796,0.03637816316250814,-5.161139865558506
479,0.0017196442004118284,1.1477612285315075,-0.20460985481331162,0.057718948060736616,-4.4680665883221546e-06,0.14913542002479563,0.1578621634352184,-9656.142802648805,-4.902490203618285,0.03642757205617227,-5.307931140188568
480,0.00589247061025816,1.1170809852805577,-0.18325489899210023,0.06804260551976124,0.00010953535933801694,0.14973419014176076,0.1578621634352184,-9657.89417686494,-5.035117187029272,0.03649346584035937,-5.243881458507311
481,-0.028524761596011576,1.0918756349459122,-0.11636764448241152,0.018693603240241212,-1.9667027491867382e-08,0.14996408994962107,0.1578621634352184,-9656.912003610492,-5.056016969268615,0.03638810922808946,-5.163626348873508
482,-0.03012076683779432,1.0662114644952088,-0.08428123415646549,0.011934350361563522,4.056349535071972e-08,0.1499800258628134,0.1578621634352184,-9657.170072455183,-5.064041427712479,0.03638874974597308,-4.6348897150080575
483,-0.03751844593171498,1.0116156924410098,-0.019322305961450348,-3.0232726028894046e-05,2.666701189883886e-07,0.15139449991181916,0.1578621634352184,-9658.95464132531,-4.908079552652267,0.036447246930401356,-4.7640000449840185
484,0.003108748187430571,0.9630357561294476,-0.024902125092410507,0.06323418254510127,0.00011206737954795213,0.15129747952800765,0.1578621634352184,-9660.799824582391,-4.900626949248523,0.03652054717835414,-4.9964026241283745
485,-0.03988130179676984,0.976024184545344,0.04962044368038622,-0.03396941623698704,9.882176333939754e-08,0.1514518673329267,0.1578621634352184,-9657.963042935637,-4.9118967437624255,0.036449623194862335,-4.3761090083131435
486,-0.037113181179010635,1.0202882813716774,0.011212739942677508,-0.039307274967749314,-2.9250468924716183e-08,0.15224045071877584,0.1578621634352184,-9658.86997204806,-4.741699095688097,0.03648229837869584,-4.733095610787239
487,0.002151422691913773,0.9361344592956975,0.05405212292556059,0.010781004137175108,0.00025047236261489325,0.15234298802065507,0.1578621634352184,-9661.750248858278,-4.798709405662982,0.03657706777913662,-4.8102993886488115
488,-0.03948362493126712,1.0061707230091195,0.028159214335467773,-0.042642180394968816,3.349270552713666e-09,0.1521721638783674,0.1578621634352184,-9658.60047895965,-4.788409139531518,0.03647946734314811,-4.694302890791017
489,0.0020805761053584106,1.1423147454066878,-0.15690738677731658,0.015355675567717402,0.0001813417785869253,0.15165902412367915,0.1578621634352184,-9660.595366509679,-4.801920022297949,0.03656766695248795,-4.463800740451386
490,0.0009604703211926073,-0.33617105351512233,1.4282345476483411,-0.090584730313408,0.0014717457983606395,0.15144723519478306,0.1578621634352184,-9662.519490919867,-4.715080328507911,0.03653150718053147,-4.4873174582130515
491,-0.047938501184774183,0.9866802763417031,0.039766800103552644,-0.03656275447623921,-4.318100064532982e-08,0.15092144996549228,0.1578621634352184,-9657.797771917601,-4.642227245924009,0.03642766359094165,-4.939646041992831
492,-0.03674337669296055,1.1002853440034794,-0.08406641962840032,-0.023961630635838903,-1.1443345105193438e-08,0.15096747590413123,0.1578621634352184,-9657.31634544032,-4.755643021807831,0.036429568433075446,-4.192276889268492
493,0.001946947913839783,1.102724099491657,-0.11630477061992023,0.014292193028437518,-0.018412688114465448,0.1516655718081964,0.1578621634352184,-9663.493998596225,-4.591285888040169,0.03797855553450097,-5.105310452328383
494,0.003647130114555576,1.0319312155670388,-0.04815022787146242,0.01740872156363909,0.01798551796230914,0.153774463231314,0.1578621634352184,-9665.89379997617,-4.799047580244291,0.03774757265878447,-4.552030558762385
495,0.0008242062454253687,-0.1768548838072896,1.2623593943538647,-0.08419766491814842,-0.0009347674583607074,0.1554978374704667,0.1578621634352184,-9668.15489396938,-4.731805763093982,0.03669877219061884,-4.836901529226375
496,0.001960715571966821,1.0663032280538478,-0.0799340707481697,0.014409646146788399,0.015244353750776794,0.1545753329160732,0.1578621634352184,-9666.192435058449,-4.775003956147587,0.03761131878721721,-4.491285131956812
497,-0.03879053909538943,1.135380431801455,-0.12856701007835195,-0.01500440371487145,-3.862815829670183e-08,0.1554294357690017,0.1578621634352184,-9662.996360890527,-4.670783775769971,0.03661477391884601,-4.7273536945435986
498,0.0009481063577993049,1.2278286598959927,-0.25476973267487735,0.02738763707039532,0.013722654229904038,0.15477128701397025,0.1578621634352184,-9666.09185636478,-4.720864644975181,0.03804147134293365,-5.07732765666868
499,0.0015690127300827079,1.2287842174155694,-0.2591024139565431,0.03092289561812122,-0.013026021994857223,0.15515740351228802,0.1578621634352184,-9666.665381866223,-4.8504605373163745,0.037929222896875,-4.860396827288371
500,0.004561282725390775,1.171097270449632,-0.20523304665432368,0.035460022444413854,0.0168852129977066,0.15491246104085493,0.1578621634352184,-9667.106496227172,-4.85067012633989,0.03814114251520496,-5.196862309113248
501,0.0028909973563059927,1.1943263592601236,-0.23051456522306854,0.03714440333359271,0.015248968907668449,0.15515305342286703,0.1578621634352184,-9667.164178851977,-4.962982652086699,0.0380173113233177,-4.897275951554869
502,-0.04437640515379151,1.1335749171456353,-0.14664461363183617,0.0037763120996112927,0.0021013084490340015,0.1560218175421283,0.1578621634352184,-9664.51019919571,-4.893858865678717,0.03665974906515004,-5.003036748322782
503,0.0034988401021980257,1.1018438945548255,-0.1517826853674517,0.051195782805297727,0.00045751341832067817,0.15620813439580325,0.1578621634352184,-9667.416178329826,-4.951300605760445,0.03674478678598532,-4.832422769807754
504,0.0032480450240470705,1.053795447212377,-0.1070464483532304,0.054509546983126114,0.0002391489969609776,0.15630138577671848,0.1578621634352184,-9667.817642093902,-4.9118184497456046,0.036738811085441685,-5.237545423209136
505,0.003965852856224604,1.0321108039825257,-0.08337064667288961,0.05269636327087959,0.00034057755563376773,0.15700662191231102,0.1578621634352184,-9668.775768010473,-5.016279443245639,0.03677631069832896,-4.8362147796820425
506,0.002492657400407706,1.0944418063558454,-0.13691355143401251,0.04347312780317525,0.00027385142068902136,0.15683792883384054,0.1578621634352184,-9667.798580164334,-4.9488451768643795,0.036761674121999495,-5.178945290697591
507,0.0035030393028705337,1.0989393911860388,-0.14075724215506605,0.04303544181301057,8.385867141659408e-05,0.15689747421122532,0.1578621634352184,-9668.060439243882,-5.022494909046815,0.03677788395179697,-4.378864646268452
508,-0.052458421450495396,1.0920074785220515,-0.09756164397334513,-0.005466331169879988,2.0914684647424997e-07,0.15921006139159438,0.1578621634352184,-9668.869465563577,-4.783077521015186,0.036772472457038505,-4.537359856411829
509,0.0038356199719954062,1.045504210657095,-0.09192628482799922,0.047744665205622386,-0.00012822368487084657,0.15939039936713317,0.1578621634352184,-9672.331351248153,-4.760670823700993,0.03687666456504683,-4.565964788643
510,0.0038532232775163565,1.0678407376956125,-0.11216253245955007,0.04560582804612523,6.294331982549756e-05,0.15940623573470092,0.1578621634352184,-9672.266864183735,-4.7303209590640405,0.03688028224687996,-4.888277455300456
511,-0.0538818950024835,1.1094493622311732,-0.11452274899347623,-0.006278920249261636,-0.005382843143055334,0.15931029460485058,0.1578621634352184,-9669.364858903735,-4.770149813647257,0.03690383776762225,-5.1365988090399535
512,0.002753961048379129,1.08443698568126,-0.12744481685567358,0.04404103947397055,0.00012522321845344608,0.1602036813756253,0.1578621634352184,-9672.889579963674,-4.91612471981645,0.036903627608500605,-4.670888093913505
513,-0.05666654578310876,1.0955431233173387,-0.10066824590266558,-0.006804847625157296,0.005207332388151053,0.16035234791034175,0.1578621634352184,-9670.830890396459,-4.802448542114328,0.036931961910546506,-4.839305328607105
514,-0.06360675472371066,1.0540854701472075,-0.05794152894552626,-0.009533187361622491,0.005204761014100197,0.16042876616120835,0.1578621634352184,-9671.063140058748,-4.814845590404361,0.03691765932886241,-4.856645830018908
515,-0.06059800021823293,1.0743771273079887,-0.07803462320150764,-0.009099046620682286,-0.005159271818995279,0.16036902713762696,0.1578621634352184,-9670.793932512088,-4.825364187495116,0.036921950996488734,-4.534520429626421
516,-0.05861932761846214,1.1185971633183591,-0.1248328838535504,-0.006141420751652058,-0.008338582299655117,0.16034155857451848,0.1578621634352184,-9670.893264861053,-4.733991599069917,0.037129557031151575,-4.899933714548103
517,0.003988631344401781,1.071772686422991,-0.11445378280783777,0.043953686683661744,0.00020747942073388875,0.16097431395767625,0.1578621634352184,-9673.571088239401,-4.829522852757716,0.03694835302616138,-5.387985807869062
518,0.0016138926178541802,1.0224066475983928,-0.061469231589163356,0.039871664369376905,-0.00012657325610937074,0.16249425977829346,0.1578621634352184,-9676.05985912137,-5.003181842280396,0.03698572488358709,-5.228338117550404
519,0.003027199141651284,0.9902701366112985,-0.02627849072610391,0.03714468048001413,2.4456132095045776e-05,0.1625800386818106,0.1578621634352184,-9676.48607123026,-5.0522367885542865,0.03700368101057315,-5.119764461997582
520,0.003732159618661657,1.1479731711805248,-0.1860534979037366,0.03923625777699552,0.0002710294052197873,0.16247372256756382,0.1578621634352184,-9675.590437892566,-5.0546061458399585,0.03702599027259601,-4.537859796126277
521,0.005872547200952647,1.1595810266240747,-0.20355644505626513,0.04558448561271879,-0.00021503721285549696,0.16313300502967248,0.1578621634352184,-9677.137194276414,-4.888647562012406,0.03708606191448366,-4.8628863004142975
522,-0.23389844906000617,-0.29016336560415684,1.4596204908464274,-0.21888669514576384,-0.025544908689200806,0.16018574635150334,0.1578621634352184,-9677.471059428965,-4.85701240118377,0.03795308888229023,-4.061425440288197
523,-0.07738839754317667,1.1752995911090744,-0.20040833469227143,0.008679736101461463,-0.01711205113111878,0.16487709271005235,0.1578621634352184,-9679.566484085297,-4.612239390234974,0.038392358384276785,-4.797955783305658
524,0.002374826412308427,1.0805192349824015,-0.14777719328402156,0.06822104479408772,4.413837811885329e-05,0.16608211605009549,0.1578621634352184,-9681.386940079949,-4.745111666284409,0.037133435677536596,-4.511158572180325
525,0.0032072688499610435,1.0568747755597137,-0.12626242050030675,0.07053979478730577,0.00016156920299819456,0.16623996225686422,0.1578621634352184,-9681.935866812959,-4.697083761815775,0.03714495943462876,-4.707385207471335
526,0.005735577683697437,1.0366158339684002,-0.10419592959676618,0.06928157933065963,-6.480843286885901e-05,0.16598986148731923,0.1578621634352184,-9681.917072657106,-4.726880057579193,0.037157204866452756,-4.897870617353877
527,0.002247363079810381,0.9918074863137178,-0.05725894257737725,0.06643180313572117,2.504995251919665e-05,0.1665293493020245,0.1578621634352184,-9682.14111773774,-4.794465479942927,0.03714862372143869,-4.903464947767995
528,0.0024001634637849786,1.0354479968133505,-0.08086573910980692,0.04632780418380908,2.4016056017971046e-05,0.16579435289123723,0.1578621634352184,-9680.49492115493,-4.832307812754044,0.037127327401916946,-4.543600034228321
529,0.0022052318084225635,1.0283654352315326,-0.0715296998859285,0.04401391092957625,9.993357648836344e-05,0.1663596642322251,0.1578621634352184,-9680.971862504584,-4.7493848289322695,0.03714943922287812,-4.848811952005149
530,-0.10706071293881811,1.0465531099556808,-0.05774092270382465,-0.011528990171716914,-0.018866115962142146,0.16517754476659552,0.1578621634352184,-9679.348573845064,-4.762312484102757,0.03809656039453442,-4.638339044010746
531,-0.12146096950890858,1.003568082537733,-0.011123812143439814,-0.01824812571236763,0.020641804763342715,0.1651563715396097,0.1578621634352184,-9679.500808304709,-4.722055446870171,0.038153836495900775,-4.908741022628833
532,-0.2926813227272365,-0.2535264891166162,1.4042623965359526,-0.21287780515083382,-0.03729638467909101,0.1606469074818309,0.1578621634352184,-9681.071919120528,-4.778915101308531,0.03908096945451261,-4.6686163418771285
533,0.0032124676819416803,1.2537573542898297,-0.29968088054002257,0.04682626646592772,0.00011323668255592249,0.1659055338817147,0.1578621634352184,-9679.485108042058,-4.775733766904349,0.03716619799849748,-4.56384921186401
534,0.00269195930737028,1.2427619977460223,-0.29336670801994,0.051404867235907196,0.0002698504702752641,0.16679856150074207,0.1578621634352184,-9679.34943988341,-4.724356807031947,0.03718676768876221,-4.189301698810437
535,0.01548555743059161,1.1929218708398865,-0.2637905267769209,0.07449451190781997,0.00036588735340268815,0.16633219118508433,0.1578621634352184,-9682.412439173411,-4.5877046843309985,0.037371888297274676,-4.091964138252718
536,0.003948620260507702,1.1962897856420798,-0.2613844387857754,0.06620052186150424,0.00012006772192203253,0.16738795884729063,0.1578621634352184,-9683.154535869959,-4.4789494243044965,0.037208992013445644,-4.607890273572078
537,0.004198725026153958,1.163768387766071,-0.2369344887195315,0.07436749732790728,0.0001758586620280833,0.16773817464051743,0.1578621634352184,-9683.31631790184,-4.563540193884874,0.03721814763953166,-3.970022305522506
538,-0.14945179064438968,1.1331435856835013,-0.18085509306401393,0.01574255956066721,0.02708109423462257,0.1663505150308515,0.1578621634352184,-9683.866057394573,-4.357846811562398,0.03953578679000675,-4.121989322793545
539,0.006093442127279192,1.1156681323317144,-0.20870820815517183,0.0946675123956559,0.00036261258732477476,0.1689216698631315,0.1578621634352184,-9686.609011959656,-4.3771628494567345,0.03727005631481031,-3.2665937397470053
540,0.002386103832673554,1.1119758262037758,-0.17527476837468617,0.06390436314987136,0.03414690961410197,0.1691909787353445,0.1578621634352184,-9694.913820776319,-4.01280983878665,0.040934938894695384,-3.6716058950632355
541,-0.2455543000716719,1.0723934115079823,-0.11457926139058529,-0.010812251494709237,0.04232773433634639,0.1670845121558165,0.1578621634352184,-9692.758444787267,-3.9390596011565,0.0418518353742191,-3.166461016516473
542,0.003726553966787589,1.048140884129249,-0.0971584484254244,0.0497363116373115,0.052691773467604716,0.16633406128745756,0.1578621634352184,-9700.131650716698,-3.702642109284345,0.04374867573102262,-3.487552332575683
543,0.0022535581827571195,1.024658970345663,-0.06574045467811479,0.04143130130942312,0.05665097369959614,0.16530247518324687,0.1578621634352184,-9700.282025053753,-3.6858918113122052,0.044252646495440924,-3.2887267722380438
544,-0.33418404932249823,0.9824007342719757,-0.003043190275108046,-0.051856189734623206,0.05784598326788207,0.16485708204007776,0.1578621634352184,-9697.811047564095,-3.597515550898806,0.04408796305741103,-3.801297023609413
545,0.0013432541779654105,0.9663983180730249,0.005920549955895582,0.027754517388528358,0.06303853369515242,0.16453518431205016,0.1578621634352184,-9701.104978155228,-3.7220926759798965,0.04487387418384043,-4.193742123570052
546,-0.4688805259687395,0.9203483072160678,0.05548616583182846,-0.07772561645952629,0.05923710465951064,0.1660370627053558,0.1578621634352184,-9698.364667633547,-3.952388419363127,0.04375187908106157,-4.174644601876555
547,-0.4228650001829198,0.9975467336346897,-0.028894116184379964,-0.060531187936446296,0.05241597160568189,0.16705467160494553,0.1578621634352184,-9698.109553254932,-4.063057901198156,0.04334160265985811,-3.7840435236422603
548,-0.4266314581902829,0.9752241404805051,-0.0002020646136507242,-0.06769717149243308,0.05325534155737271,0.16746771794162646,0.1578621634352184,-9698.619537744464,-3.981906630972571,0.04333343939264284,-3.647482102546068
549,-0.4478820725810293,0.9305049101024535,0.05062110586127916,-0.07842582103053299,0.0574151613239913,0.16707493853598576,0.1578621634352184,-9699.379090971013,-3.8958985815175753,0.0436588441381424,-4.034420109320205
550,-0.486656159402145,0.9071061966713729,0.07204860826146392,-0.08484737027332193,0.059563702271377444,0.1668059817753722,0.1578621634352184,-9699.478073541963,-3.9967836974797444,0.04378925675153775,-4.009772728413495
551,-0.5326012550232403,0.8807362540019642,0.09950564893807247,-0.09597472650866129,0.061097117700675135,0.1663824453932734,0.1578621634352184,-9699.227471130933,-4.040353729280493,0.04384255234684685,-4.114187606017834
552,-0.5941350488817364,0.8368709767156752,0.14299594362491289,-0.10897785877210933,0.0651365427226664,0.16540515767268876,0.1578621634352184,-9699.173962836661,-4.105299978579456,0.04414353714469937,-4.069440659822154
553,0.003811005002367138,1.1816087675736742,-0.2183876278219784,0.03747856701864037,0.03728905288805805,0.17061089751698644,0.1578621634352184,-9702.668136254455,-4.072565859889415,0.043108925033687365,-3.9731932859634305
554,-0.30935603389116384,1.0959066367395813,-0.12177595373891645,-0.041173186308873136,0.040906514836787214,0.16993474115200669,0.1578621634352184,-9699.18410943993,-4.112228030620759,0.04262900469494417,-3.6904257859386047
555,-0.2812841166472515,1.0777437539776415,-0.10185917483682584,-0.03679646890293234,0.0440207608044406,0.17004893995453907,0.1578621634352184,-9700.303444650486,-3.9971212091456167,0.04291688643678244,-4.500317396959954
556,0.0006474306942403391,1.0939656017865493,-0.13520740814681953,0.04126432213009955,0.047484041309169,0.17068505634991987,0.1578621634352184,-9704.91946519946,-4.148078130964303,0.04371756661697914,-4.357999518619099
557,-0.02402350346493072,1.3179659734016633,-0.35388763072602925,0.030730311814610133,0.021000648324613763,0.17382158263731795,0.1578621634352184,-9703.89241463161,-4.2656332591211745,0.041992147592016076,-3.9587289465139337
558,0.0052399880479696345,1.01303692437211,-0.057521757535095155,0.04544508381092199,0.05688034509254858,0.16936179857841338,0.1578621634352184,-9705.658527722413,-4.106444078426853,0.0443587598612275,-4.063517325390913
559,0.005763687616363573,0.9446294562886146,0.0093461994029156,0.0470610508967205,0.06474946737124003,0.16766136429589248,0.1578621634352184,-9705.671723555517,-4.090826754413287,0.044930533667492174,-3.712975044097898
560,-0.3779998095165017,0.9068270276205245,0.0668889460715772,-0.055525035723098,0.06432635515894956,0.16845636886811366,0.1578621634352184,-9703.584010879358,-4.054003517863658,0.04449779489887336,-4.37702207042937
561,-0.39763504163423474,0.9525852261826488,0.02347810901399555,-0.06213239956986304,0.05658545613987753,0.1708313223709798,0.1578621634352184,-9703.99268620148,-4.231346869899802,0.0438080576971415,-4.302375759304851
562,-0.40869433171311387,0.9464200634971038,0.028228553343826013,-0.06305210402248679,0.05762193820753663,0.17060760086722385,0.1578621634352184,-9704.025737387032,-4.288386067251875,0.043908872628053756,-4.151585065051702
563,0.001871684219979471,0.927052263463731,0.023481365589283966,0.04967751568572783,0.06634942330167734,0.16855002476274827,0.1578621634352184,-9707.041986847289,-4.162069692291276,0.045035368560899694,-4.172707449072831
564,-0.4681687544834252,0.8460500944773899,0.12937337669503488,-0.07674409248446867,0.06894148987786274,0.1671868344183676,0.1578621634352184,-9702.89301745908,-4.263240575591452,0.044760477019790204,-4.308719160608214
565,-0.531261267317487,0.7760746738236153,0.19996802779070944,-0.09097105299292649,0.07633147894943472,0.16506158263784576,0.1578621634352184,-9702.820382645436,-4.314354494703026,0.0454311503749123,-4.356614462382539
566,-0.5869667083519476,0.7198659715956763,0.25809051646197,-0.10491736565340842,0.081497818958845,0.1634074205907391,0.1578621634352184,-9702.713609548082,-4.35796367729115,0.04592259326600148,-4.417660468059
567,-0.6578257816348686,0.6686251667421743,0.3139451215447154,-0.1250349308544553,0.08478002438099969,0.161635822889872,0.1578621634352184,-9701.835755801458,-4.404662889956828,0.04619607243651867,-3.3952289846850405
568,0.0004801378471035218,1.1657619327185866,-0.20486306089044065,0.03902856102203505,0.03879394498925738,0.1765130767145338,0.1578621634352184,-9710.853675122527,-3.97282335558597,0.04345522898677941,-3.7170601162626595
569,-0.33322424425837055,0.8212013827522752,0.13382777924728734,-0.027169605734854642,0.08294018843048966,0.16583410566436246,0.1578621634352184,-9708.375222817995,-3.972400210036245,0.046848284833037115,-3.7758222193131004
570,-0.3104673731667369,0.8145634804780622,0.14075519191847485,-0.022611466888960274,0.08513309071763671,0.16483012568538297,0.1578621634352184,-9708.230684888393,-3.951656586034406,0.04717642583405969,-4.122653559402701
571,-0.3549929762199239,0.7732349735396922,0.18130352258244362,-0.03144608381397654,0.0895457329764772,0.1636205807299016,0.1578621634352184,-9708.386046198322,-4.066038211109646,0.04762815390840579,-4.025837977106497
572,-0.37321534447380134,0.7315683272477382,0.22252381701415447,-0.03496767104337542,0.09490037225775813,0.16156812943977175,0.1578621634352184,-9708.295022930468,-4.073150977955433,0.048272774083821704,-3.8212421833141357
573,-0.3614100681682597,0.6875083311021613,0.26531617789928963,-0.03117248461367987,0.10159703067682516,0.15896716575563474,0.1578621634352184,-9708.678147003848,-4.001277430725133,0.04920971063444684,-4.028617333535571
574,-0.38153879018142917,0.6609916424671061,0.2914473162728275,-0.03519861351165871,0.10501256552037558,0.15729350370197487,0.1578621634352184,-9708.423203017159,-4.051967813627512,0.04968394469093844,-4.315519440008799
575,0.002054134184880211,0.6537388847160239,0.27938022705045085,0.06677752557004873,0.10348761110873039,0.15854017605221615,0.1578621634352184,-9710.96174508095,-4.11724282739884,0.04952707849721507,-4.526689446147557
576,0.0014217755485440573,0.7580806640098234,0.1730890110753718,0.06876774919065409,0.09214952465946538,0.16331141279977457,0.1578621634352184,-9711.596999114776,-4.257347366897012,0.0481469106991024,-4.501582215437174
577,-0.4581244630496357,0.6866992888806883,0.259215360896073,-0.044966092172978644,0.10360606182256435,0.15821190393078077,0.1578621634352184,-9709.303645155447,-4.381616847058183,0.0496305930477967,-4.247045577442117
578,0.0014118141803988828,0.6678670984206676,0.2566262376146369,0.07533544164404182,0.10507663304653356,0.15748071004853043,0.1578621634352184,-9711.210522438374,-4.262161149903017,0.04989126358527202,-4.461030079609363
579,0.0012731247868221335,0.7595230041221561,0.1705150772436228,0.06986798129067723,0.0932261249374543,0.16252962205085164,0.1578621634352184,-9711.41008159214,-4.327829441214781,0.04834689344528011,-4.3345137355284935
580,-0.4406054911064291,0.7112321773070729,0.23645613748529698,-0.042953557628824565,0.09989875831206724,0.15938743397098468,0.1578621634352184,-9708.658192476745,-4.378697359693949,0.04907355052715974,-3.985090208642389
581,-0.4489140943535481,0.6625912434410914,0.2822636919892284,-0.04210995254532306,0.10639354707969201,0.15685408683195012,0.1578621634352184,-9709.051796844695,-4.242471924771446,0.049974713445254615,-4.473176160653403
582,-0.47506682588068294,0.6495217886105626,0.2978192946056439,-0.05020073346744538,0.10698765733184455,-0.1569586387000455,0.1578621634352184,-9709.375675015279,-4.362008612394438,0.05005021135197714,-3.9755193986394697
583,-0.4383848158514694,0.67220797930445,0.27318114877145017,-0.04046072178178052,0.10454157944036446,0.15881864717245645,0.1578621634352184,-9710.302512668844,-4.224705491674623,0.049732145726390016,-4.599946471535182
584,-0.4593011835407798,0.6709529272385554,0.2792246899013867,-0.049664679558531516,0.10298734040613494,0.16042096118826904,0.1578621634352184,-9711.206391360258,-4.394832768896676,0.04950856790753168,-4.625246444806345
585,-0.44103448159152314,0.7062080379502815,0.24581065296802126,-0.04738450419835162,0.09904754102939986,-0.16202091236273874,0.1578621634352184,-9711.288684841444,-4.478262881005737,0.049025343454152964,-4.477028556630198
586,0.0017481644331438261,0.7285571208473586,0.2032475337020574,0.068232360309159,0.0961829523939416,0.16348096895495168,0.1578621634352184,-9714.000615724357,-4.41128238359734,0.048783496043994054,-4.46988580159404
587,0.0014025798525192012,0.7325179047495544,0.1998867899490765,0.06755511927716823,0.09582322290887946,0.16357692612241373,0.1578621634352184,-9713.971748147556,-4.412879644365037,0.04874848238479386,-3.935172123338723
588,-0.45592800488968455,0.6646875052375327,0.27906629017512985,-0.04254251870699867,0.10595240644992227,0.16030105381879345,0.1578621634352184,-9713.026383057557,-4.281162882471578,0.050083044828928946,-4.581017942440406
589,0.0012676700048112432,0.7043103393524772,0.22694339392755486,0.06864419398879784,0.09832471514467897,0.16462980467936814,0.1578621634352184,-9716.303151876195,-4.371764648786497,0.049109581003382266,-4.378759074272958
590,-0.47249936212016996,0.6506139562639741,0.2976684717705929,-0.05057809529176492,0.1059394772905154,0.1610081260321084,0.1578621634352184,-9713.629203616749,-4.41296419407188,0.05004982352053843,-3.6750681110605368
591,0.00172239704354968,0.707971734122568,0.21892191623694313,0.07299184952979065,0.09961327213545357,0.1663261871570249,0.1578621634352184,-9719.362935884768,-4.098939999970144,0.0495111344082281,-4.203066654098022
592,0.0013935463075649395,0.7285321114731591,0.20115183131620556,0.07018060051884184,0.09600783432203025,0.16791494167177112,0.1578621634352184,-9719.393494465825,-4.169283148256142,0.04899399331310362,-4.345067632664287
593,0.0012059629583048676,0.708161409266909,0.22043894127657185,0.07124095014868198,0.09826205939409866,0.1672281700308898,0.1578621634352184,-9719.593655169134,-4.244475982980857,0.04926691534959961,-4.188326177495816
594,0.0012703492891709264,0.7119728310153769,0.21704069647662025,0.07084163939852736,0.09776511840194371,0.16745002310722207,0.1578621634352184,-9719.620820785138,-4.218628846748618,0.04920490625562905,-4.524724962763582
595,-0.443284765477505,0.6697625873714733,0.2737447363425171,-0.0395181663224148,0.10494381562920581,0.16458115029743167,0.1578621634352184,-9717.795425083887,-4.371559275308251,0.050126865400858346,-4.08235433151486
596,-0.44661776131379627,0.6604311464212671,0.2826705560300755,-0.039917624057957374,0.1060216111007154,0.16457058332833902,0.1578621634352184,-9718.353831395205,-4.267101559458171,0.050296370848493796,-3.791738877086846
597,0.0012153375579812228,0.7652394052720888,0.16728105088950218,0.06731819257500188,0.09194859468235367,0.1711904967695723,0.1578621634352184,-9721.84768622572,-4.076670444173783,0.04866699396249387,-4.578052283757004
598,-0.43225160676497193,0.6773338802828516,0.26614906256380644,-0.03712315254417238,0.103699436297052,0.1677982310847655,0.1578621634352184,-9721.085102977473,-4.329559169805927,0.05008302236817065,-4.529666521097578
599,0.0011803945273888385,0.630530242749546,0.291651035742447,0.07766646968535215,0.10827771755708965,0.1660463822173444,0.1578621634352184,-9723.51779549494,-4.35748828422921,0.05084224183839618,-4.3331968807413155
600,0.0010159950652021009,0.6214912524344556,0.3002869351001739,0.0779874986893271,0.10913825186245471,0.1655057791765359,0.1578621634352184,-9723.266038269703,-4.323218990035866,0.050944697749021745,-4.207812693522887
601,0.001038878524742732,0.6197884891692467,0.3009546633317095,0.07898291923146025,0.10939737420530098,0.16539765242606685,0.1578621634352184,-9723.297353934271,-4.273359278539172,0.05098089583646721,-4.275674654213476
602,0.0012377974470381206,0.6105495818658861,0.3105780117407352,0.07866108789726195,0.11059889283899554,0.16475918694494607,0.1578621634352184,-9723.220164709477,-4.28212945893974,0.05116927490306289,-4.22187040683896
603,-0.48071525141649263,0.6011012021094475,0.3381994559095429,-0.04353517491983311,0.1145169071924117,0.16255840911593938,0.1578621634352184,-9720.931575377323,-4.303844351200512,0.051741836210563136,-4.230028163425915
604,0.0014518238184944286,0.6338922310532176,0.29008860361365196,0.07588204987285924,0.1071391677561217,0.16632453240431389,0.1578621634352184,-9723.14481569108,-4.250993549782483,0.05062457573265024,-4.218408846888501
605,-0.5060426200948395,0.5500247055971312,0.38421447624326466,-0.04406345258336984,0.12265247912159766,0.1575957434654065,0.1578621634352184,-9720.42510191602,-4.2791245871485115,0.05314325135161728,-4.3628975428060786
606,-0.4683073141240361,0.6070522742674268,0.33026256773992874,-0.038953600222685944,0.11446981912889875,0.16219916196357914,0.1578621634352184,-9720.469245539938,-4.326465522170896,0.05173211706068345,-4.351817867897421
607,0.0005912663116644126,0.6564709751091535,0.26964332048112805,0.07358534973453329,0.10392546002816382,0.16707040681106325,0.1578621634352184,-9722.143832938616,-4.3028304474610986,0.050100806166016726,-4.467682640998472
608,-0.542814171315334,0.5145902401343752,0.41772262864988646,-0.049913689362179936,0.12746239904145132,0.1541612078525777,0.1578621634352184,-9719.898810649667,-4.39507136243344,0.05401589935519995,-3.721781028240468
609,-0.5332694134691585,0.49933688122511277,0.4319527076822668,-0.047135360800875076,0.13078489892604878,0.15428700477213023,0.1578621634352184,-9722.721667275418,-4.157043050883142,0.05482417343824731,-4.564697864885728
610,0.0013976682172524143,0.8561844935395022,0.07818208027069944,0.06567512025625344,0.07789643082421514,0.1786377365021502,0.1578621634352184,-9725.197663864727,-4.299687974455979,0.047079410814804934,-4.182119066305678
611,0.0011729159622434764,0.7918289038460413,0.14218632743483145,0.06589858086138603,0.08513417051380237,0.1764897175972543,0.1578621634352184,-9724.903934177364,-4.249493209068416,0.047776070996311704,-4.793393618107724
612,0.0007318614788975207,0.7746714572425506,0.1566375837914603,0.0685811322663964,0.08786351444575302,0.1768605779558607,0.1578621634352184,-9726.713534247274,-4.441139200906981,0.04819397626861241,-4.671595458412017
613,0.0008932977690220456,0.7072035721841485,0.2220514950432788,0.07064156478688957,0.09702005864604346,0.17355397633066866,0.1578621634352184,-9726.752758425504,-4.49114051159357,0.04936133521862908,-4.344718330909889
614,0.0011247503962624732,0.6296128707092368,0.2955358353284401,0.07471434498734225,0.10610369889179988,0.16988557616079,0.1578621634352184,-9726.68432933587,-4.41109247692892,0.050562664283463364,-4.200944119340935
615,0.001104005218883174,0.5988144130977907,0.3228645563998128,0.07810148628896017,0.10997279669141119,0.16821021755692422,0.1578621634352184,-9726.810978238234,-4.3327531028678665,0.05113793175699291,-4.2861990970657144
616,-0.5725944647414112,0.43468646902574226,0.4915976236398214,-0.05046303853437757,0.1396997817702834,-0.14969170031988757,0.1578621634352184,-9724.537772618629,-4.377290773330226,0.0567842688466988,-4.420620973466364
617,0.002425174886586917,0.6241799340450325,0.2973398810501512,0.07853052533221702,0.10723818575015337,0.1693677107798655,0.1578621634352184,-9726.757332050192,-4.360170613325999,0.05073916347899621,-4.5242316864408245
618,-0.5210516181341214,0.5159495523612105,0.4209815433227613,-0.04994175918868757,0.12554690999448942,0.15937715855375087,0.1578621634352184,-9724.370055254341,-4.4434287352315245,0.053819406857304575,-4.28186675115679
619,-0.6542838297978304,0.3491988247540981,0.5571034192631443,-0.04821029396691075,0.15827302536845506,-0.13260835731447307,0.1578621634352184,-9724.195191141902,-4.379729193009902,0.0613813462961593,-4.620122714124513
620,-0.6699527784887562,0.33032079431060346,0.5766945100039106,-0.05225154330060583,0.16064836632544083,0.13019700214185612,0.1578621634352184,-9724.471380638302,-4.482342337924983,0.062064008155616475,-4.587618027333792
621,0.0011051873170626462,0.5752543327868194,0.34949509633118814,0.07510171554984632,0.11313745210884008,0.16653929813759324,0.1578621634352184,-9726.713259727785,-4.478966798396672,0.05167087919218791,-4.534785042520129
622,0.0010417325277736018,0.5712580159210412,0.3537835067460853,0.0747545905340718,0.11380839335696757,0.16590928283296225,0.1578621634352184,-9726.4046442235,-4.480522332903491,0.05177441032978253,-4.555410509119406
623,-0.6916895481501675,0.31722705986099775,0.5899396458887554,-0.05710305994530181,0.16306441218050421,-0.1266332754368014,0.1578621634352184,-9723.808091523777,-4.524580835283182,0.062732416520902,-4.295374669098308
624,0.0009667729990379249,0.745135514282814,0.186575315356788,0.06809007530692421,0.09102036075008038,0.17553725158095337,0.1578621634352184,-9726.372881473453,-4.410379589441231,0.04851157041143102,-4.560442929436016
625,0.0010194788198981983,0.6417737375371843,0.28764320918308267,0.07040053478114,0.10367825552472923,0.17063096873597927,0.1578621634352184,-9726.246655933726,-4.467082698159509,0.050160043166616874,-4.794404727217552
626,-0.679321443035855,0.3130171435182756,0.591330071165592,-0.05152202090172406,0.16566828298084688,0.12377118132462178,0.1578621634352184,-9723.72071044643,-4.596361835585373,0.06346577108011978,-4.87330239652821
627,-0.6237462246063561,0.36880714483652305,0.5503459477987624,-0.05419540186031323,0.15437116816249646,0.1365274551202939,0.1578621634352184,-9724.128015235145,-4.6732930083944515,0.06039246961993971,-4.855466483397023
628,-0.5966378992369046,0.3867742636953109,0.537135154539587,-0.053000829332949126,0.15150826560080302,0.13932876198384858,0.1578621634352184,-9724.225323414032,-4.7129845755822375,0.05967148197736667,-4.678872211181005
629,-0.596266570585929,0.4052678341098465,0.521324082342796,-0.0556525472235756,0.1475677710870863,0.1425871968977785,0.1578621634352184,-9723.956679857096,-4.69174434364082,0.05867964258817648,-4.52792559949584
630,0.0008321895701998234,0.5935079401782085,0.33554891660153763,0.07084919484796555,0.11461779561607596,0.16546520532480907,0.1578621634352184,-9726.81717928841,-4.601478315528223,0.05212682782309744,-4.917196749406045
631,0.0012305678624927549,0.5053967428900026,0.42103561627969854,0.0736092457668489,0.12918618371713267,0.15746048406431765,0.1578621634352184,-9727.413269606543,-4.716542087672833,0.054888770231033224,-4.899668471198879
632,-0.49491223697935055,0.5298472686565633,0.41117349397042013,-0.04810529602639074,0.12771844842440427,0.15793785958136258,0.1578621634352184,-9724.565829907879,-4.772471040678107,0.05442356098697441,-4.552966951942656
633,-0.5938741396763381,0.3777439441220867,0.5390238359190047,-0.045200056289980334,0.15670747253698605,-0.133585882850214,0.1578621634352184,-9723.307912746748,-4.666818307480183,0.0609740954281902,-4.360172270350879
634,-0.6631887808162065,0.3458293428451267,0.5559054829034233,-0.04537873969950401,0.16586107992828492,-0.12396975986040931,0.1578621634352184,-9723.608532168415,-4.56689037132672,0.0634798825504835,-4.667942883914555
635,-0.6617658929552517,0.34048295838337334,0.562112591811034,-0.04588555015935064,0.16660450273518967,0.12312293542139224,0.1578621634352184,-9723.657959337786,-4.631176580054766,0.0637022140234331,-4.9809675021110085
636,0.0009432731857560454,0.39797596767748455,0.5131566337421065,0.0888611155327898,0.15260792703207704,0.13909768675139855,0.1578621634352184,-9727.344980847936,-4.731541283716892,0.060259804020990765,-5.082194842937201
637,-0.5935632932419012,0.35438105570533407,0.5588244554928976,-0.04132073142326686,0.16652994978421815,0.12488647355852414,0.1578621634352184,-9725.08624263889,-4.819151731875397,0.06377608287882564,-4.816320524611472
638,-0.5821428725996716,0.3733876389002383,0.5429160671032157,-0.04201310143367108,0.1625493564230024,0.12932815762348038,0.1578621634352184,-9725.016641155888,-4.7867380842919465,0.06266248452733257,-4.672782973066285
639,0.001198199486860806,0.42525190586238676,0.4909636956144946,0.08392007895741296,0.14956740429778348,0.14221934869260733,0.1578621634352184,-9727.76147379121,-4.740722894943843,0.05956299845981745,-4.667348308636591
640,-0.5898234676892223,0.37412096778224563,0.5415037914957933,-0.04303482704760897,0.16146822428286864,-0.1302595220928946,0.1578621634352184,-9724.84216613119,-4.7303052053533445,0.062348763755505,-4.618644409015014
641,-0.5614492680783443,0.4212384666390533,0.502029411530174,-0.0445512461602084,0.1511482345261399,-0.14042962608429038,0.1578621634352184,-9724.899558768742,-4.684332542229952,0.05966550249236949,-4.7073105374086515
642,-0.5632095183428449,0.4290180865102581,0.4896360951331541,-0.04039639632390439,0.15188267314577203,0.13891896188787917,0.1578621634352184,-9723.90438665314,-4.683221811979596,0.05981002179525829,-5.068663455703444
643,-0.5113659877390737,0.4455645423680603,0.4837743333909498,-0.039695410172262774,0.14700820739463866,0.14369893631355235,0.1578621634352184,-9724.49263054319,-4.813213096239981,0.05866185183939196,-4.7988412281087856
644,0.001093453483968298,0.563590783661976,0.36884283212288815,0.06780400851894713,0.12656916568958643,0.15803824912856945,0.1578621634352184,-9726.741386598489,-4.783012757572742,0.05460297219289974,-4.9590858741574175
645,-0.49311878559068834,0.4725708094127792,0.4503907296571579,-0.02932377796202335,0.14704981915260157,0.14163547155925243,0.1578621634352184,-9722.367914428303,-4.83392742031916,0.05862327924111437,-5.139793646277458
646,-0.5020595497927194,0.42494626098748833,0.5021372024705173,-0.03509609652108933,0.15528589937870246,0.13321315064813233,0.1578621634352184,-9721.677542048526,-4.931657121051683,0.060615650925888664,-4.978886277233422
647,-0.5057827231388385,0.41578399167285535,0.5087582381475673,-0.03334024880800286,0.15791689098976608,0.13064012985234696,0.1578621634352184,-9721.700372955747,-4.920789431673902,0.061294359277022537,-4.810213783318653
648,-0.5092677660313829,0.42139607609156293,0.5048470242230036,-0.03584276239230687,0.15567600440200252,0.13281191630580452,0.1578621634352184,-9721.667889107253,-4.855525876073632,0.06070835630544821,-4.929916620146476
649,-4.070394147539666e-05,0.49023539173701125,0.44099396633469956,0.06889001729387614,0.14277582632048114,0.14446198830799373,0.1578621634352184,-9724.350990022178,-4.889919937977675,0.05796421674455734,-4.662404972993243
650,0.0009835134568576395,0.6634810783558087,0.27015692141151504,0.0667279057904629,0.1141543769441414,0.16215591268995488,0.1578621634352184,-9724.134191681642,-4.791494801561548,0.05242725758397958,-4.906814505976158
651,0.001314376725958149,0.5426479289442998,0.3874891118718643,0.07023807703755897,0.13226464960493434,0.15076909302458802,0.1578621634352184,-9722.765138913144,-4.84128150826407,0.055589664696066826,-5.003875468209445
652,-0.45627952175717057,0.4866260155584482,0.4477347318332403,-0.032392250910469995,0.14219026383887529,0.14327097539989256,0.1578621634352184,-9720.081580029479,-4.877817013084477,0.05739124676676477,-4.573919707175544
653,-0.4783542621609901,0.4894830978467704,0.44184998093224703,-0.03422517446878055,0.14188994120741327,0.1441102886068265,0.1578621634352184,-9720.710146492736,-4.742110320561362,0.0573480308446873,-5.116528267435417
654,-0.39338165553367166,0.5955258693973037,0.34827464334691915,-0.02821894893481597,0.12263751163577757,0.15789665651118714,0.1578621634352184,-9721.56004016702,-4.888506848709822,0.053508432176680186,-5.1374266423400465
655,0.00034654702447985017,0.6043604584721727,0.33259562341411586,0.06331782217161373,0.12238278350931264,0.15847665420145046,0.1578621634352184,-9724.577459955037,-4.971730495348627,0.05384668317078112,-5.351190375138795
656,-0.38358192528534013,0.5424620081141207,0.40312934217615914,-0.027698886717205808,0.13245468332098465,0.1524673308144792,0.1578621634352184,-9722.59133394789,-5.071412094565838,0.055486557494551864,-5.17256201362009
657,-0.3959791860910688,0.49971830248439003,0.4458274427169661,-0.03037784864143299,0.14021677570488222,0.1461652188964544,0.1578621634352184,-9721.889339880967,-5.061807110209248,0.05709965676257803,-5.0767145887800735
658,-0.3504170883470324,0.6096007910991912,0.33785473402557986,-0.022423462144323253,0.12364145526374165,0.15674863333214156,0.1578621634352184,-9721.448896878052,-5.04483229262103,0.05384227506645274,-4.910602076610777
659,-0.36509846806350976,0.5812482910770285,0.3677046174504087,-0.0271350366871849,0.12629860205409224,0.15517189580805757,0.1578621634352184,-9721.156828797055,-4.978203199153048,0.05425208386572898,-5.038700734088915
660,-0.3943794643291768,0.5024212119707565,0.4468122533209347,-0.03374879355020007,0.13746060216441108,0.14696861023921454,0.1578621634352184,-9720.19383566141,-4.997857273636324,0.05639171062732318,-5.067521844360326
661,-0.38832140646466773,0.5112516556189757,0.4366014494389675,-0.031117187942558584,0.13693530796114628,0.14694073580029637,0.1578621634352184,-9719.738827161542,-5.002877276482762,0.05627533056335639,-5.379880304176557
662,0.0005923294593821276,0.5390651833129345,0.4099832558637495,0.05128263525641806,0.13297670130615336,0.15039490873105232,0.1578621634352184,-9722.968574796818,-5.1450338515890355,0.055877809944394674,-4.985505499852584
663,-0.36618572076119826,0.5371516019898545,0.4103716548637467,-0.02599306243938128,0.13458763385692385,0.14867865040708345,0.1578621634352184,-9719.931361787862,-5.0279401173800045,0.05585085770508267,-4.905227045856718
664,-0.3812134921637533,0.5163743432901846,0.42961838984238,-0.027707321148098752,0.13771915803317442,0.14647281467410495,0.1578621634352184,-9719.903594238602,-4.972243508291413,0.0564861321614882,-5.202556304830804
665,0.0013385297958095677,0.5325860332632745,0.41338662971652373,0.05447513039935009,0.13366620884824007,0.14973291123013582,0.1578621634352184,-9722.6789237371,-5.082309853814734,0.055971983761213207,-4.83863613552683
666,0.0007925521832613221,0.6119828643041226,0.333035181624498,0.05522444686011238,0.12101007524000912,0.15798438151490202,0.1578621634352184,-9723.054099485635,-4.974216230708371,0.053577915648701215,-5.123468844365518
667,-0.3557733570953432,0.5291607234182967,0.4276966721692351,-0.03301222419520024,0.13187939469753157,0.1510500826721557,0.1578621634352184,-9720.19376245269,-5.0072150139685805,0.055251718645021895,-5.158172442765238
668,-0.3823741068927498,0.4522172088580487,0.5065984646236028,-0.04052804998098184,0.1427797194496719,0.14234665007849734,0.1578621634352184,-9719.577133304094,-5.040686724527979,0.05753983373520988,-5.073866253898289
669,-0.38528186686455124,0.44604880185335694,0.5153797745896629,-0.04371680161862734,0.14273950732294832,0.1418877693840285,0.1578621634352184,-9719.127201221045,-5.03309668171799,0.057504504400176126,-5.236806627352523
670,-0.3869392738899574,0.4332558510915755,0.526704856156571,-0.042479663514466706,0.14589143848251046,0.13911476729861516,0.1578621634352184,-9719.111408485225,-5.086826448563855,0.058245760408491845,-5.228224303788218
671,0.0009279607795352842,0.4533302650640278,0.5025263278155782,0.04475331294789052,0.14364376082226277,0.14154571000340352,0.1578621634352184,-9721.882254577262,-5.149252823810369,0.05809359609515975,-5.468331098268972
672,0.0009854122819370247,0.673066017372326,0.2867751452617619,0.040837555961355756,0.11079621238792137,0.1624888209887485,0.1578621634352184,-9722.16003613899,-5.256235765977799,0.05191824281834092,-5.200171420916062
673,0.0007872984347338413,0.4944083924595696,0.46327914012412413,0.042902679744329875,0.13705218163535526,0.1452072134719164,0.1578621634352184,-9720.022350854273,-5.2058217660512875,0.056561242395937336,-5.095469947848137
674,-0.33374618711332327,0.4908606322771995,0.47105673115954183,-0.03294281544592516,0.13766534359812455,0.14454456368451735,0.1578621634352184,-9717.676056887805,-5.126789441522244,0.05635512477040065,-4.878115622245527
675,0.0005175573819301733,0.49661142090302446,0.45407002737343016,0.04971023053700918,0.1375463287512868,0.14471089935285575,0.1578621634352184,-9719.842392903003,-5.055879994055187,0.05662936187977244,-4.948935552243295
676,-0.3521955115674514,0.4878353394495427,0.46956190049247987,-0.032498802993508664,0.13938779003291854,0.1428256536235551,0.1578621634352184,-9717.229508980592,-4.9999854692486725,0.05670833914110998,-4.831769294103067
677,-0.3494051948134052,0.5143649098338532,0.443138671057997,-0.032055233200949725,0.13519836995747134,0.14615028570502475,0.1578621634352184,-9717.414090886085,-4.926941856034609,0.055827961247192914,-4.946410712199285
678,0.0014724613838716922,0.4929126371440893,0.452527171351499,0.05507413228351194,0.13923861564975626,0.1429704342938649,0.1578621634352184,-9719.49119458716,-4.965336148438848,0.05696553284650769,-4.871127258699229
679,0.0010869592133731336,0.4917073043918125,0.4521178737900712,0.05661088268471162,0.13998898282420463,0.1423897087930166,0.1578621634352184,-9719.500914324646,-4.932194551678693,0.05713269665879048,-4.912496490928487
680,-0.36714066587423677,0.4688719556823269,0.4889241769192256,-0.03619694471782224,0.14200030332974384,0.14028799378242862,0.1578621634352184,-9716.789617399596,-4.8995114253564624,0.05725746837257836,-5.0151927116296395
681,-0.35990844650589315,0.4693206387925869,0.4913325402955453,-0.037535836500486836,0.1410324921502053,0.140761360641011,0.1578621634352184,-9716.583001147485,-4.933797607222756,0.057023493741936646,-4.6543087327439485
682,-0.3798698174663202,0.4577357787334724,0.501598223527663,-0.04056002144163931,0.14362819389302256,-0.13907392597921936,0.1578621634352184,-9717.028297444582,-4.815395570021443,0.05764576274692394,-4.990054376825116
683,-0.36071716286830047,0.48464009421673426,0.4725199724176701,-0.034152412666208935,0.1401042826333899,0.14195846750180088,0.1578621634352184,-9717.025400729544,-4.889633435113723,0.05685436747292494,-4.794374892909037
684,-0.33151918262261093,0.5564831849998605,0.4107185009938409,-0.038118400080738135,0.12600147001392703,0.15067884324200082,0.1578621634352184,-9715.562515872038,-4.83969235454694,0.053894142782273585,-4.334001461960141
685,-0.3692634736713145,0.5197322722925242,0.44716299998639575,-0.046045049216448475,0.13317910037173808,0.14690650502780248,0.1578621634352184,-9716.959370019957,-4.645602807323106,0.05542213026734428,-4.667263253366982
686,0.0008788112950143677,0.5326051089098149,0.4163345692977143,0.051220874941321534,0.13472185363974348,0.14617633439173477,0.1578621634352184,-9719.68679365405,-4.71341754338115,0.05608377525968218,-4.702179769352235
687,-0.38361296520411564,0.48445476355653005,0.47944859678401497,-0.04611114272518076,0.1391505180362888,0.14214638979933097,0.1578621634352184,-9716.523094870457,-4.694328344946572,0.05665071636074547,-4.700457252127917
688,-0.39040400996777475,0.4712817157653947,0.4936698152442079,-0.04865575540404064,0.14041594005205993,0.14071604424630318,0.1578621634352184,-9716.060344041147,-4.686237340444147,0.056893991509855926,-4.969141593758064
689,0.0037078930616598316,0.4984442731687346,0.4491613775418553,0.053040975079746144,0.13954273409486015,0.14178600154287965,0.1578621634352184,-9719.06709340958,-4.816592816265313,0.05703067742686714,-4.785188335071799
690,-0.3566560603999064,0.5356152024419456,0.42260640983182285,-0.03468286689807863,0.13162996955148643,0.1475214460554674,0.1578621634352184,-9716.237738905533,-4.770515199153137,0.05503913800156521,-4.488885612833948
691,-0.0035730669286315455,0.7580785284142699,0.19817552427301988,0.04278231867193599,0.09864155735570734,0.16573694353172036,0.1578621634352184,-9719.60760925012,-4.686209480199778,0.04999448416735919,-4.829227341018975
692,-0.0003739692511852356,0.6121615014248201,0.3409530797434792,0.04665219134812214,0.11945312246101758,0.15588433466633156,0.1578621634352184,-9719.280419522784,-4.763546536161802,0.05310546361401837,-4.549366868295539
693,0.001356523406271342,0.6430486624383507,0.31093015906474797,0.046118086468105224,0.11403613644119501,0.1589399537882657,0.1578621634352184,-9719.458036576943,-4.6848660131403355,0.052174873822632875,-4.869656387617478
694,-0.3508707663837446,0.5037141780758321,0.46416206616410394,-0.04306890622794966,0.13135889866718303,0.1479941479976135,0.1578621634352184,-9715.978660475836,-4.7415297987855665,0.05489214621840578,-4.880621574456904
695,0.0009421863190224038,0.4976992716691947,0.45716433711815574,0.04528957756307976,0.1334714958969461,0.1466369697167587,0.1578621634352184,-9718.458542289161,-4.79939903288208,0.05562237592075192,-4.83080864804742
696,0.0008438517893975322,0.47962170897701195,0.47511628719523946,0.045430801893168754,0.13622773242587338,0.1444063756480355,0.1578621634352184,-9718.261991353525,-4.807125476849818,0.056191193398161844,-4.585011338316199
697,-0.35006721985428946,0.48701130677755133,0.48941079020206857,-0.05136821269772736,0.1301396191124978,0.14862489979980925,0.1578621634352184,-9715.721049683563,-4.703092517474466,0.054586779326751725,-4.946528631808017
698,0.0011017861101672828,0.4751303892968264,0.48585564629321576,0.03929593750764443,0.13460982731765025,0.1458748078982463,0.1578621634352184,-9718.562320008841,-4.823983828799339,0.05584761217487044,-4.6590811165311905
699,-0.356652980045497,0.4655767623793373,0.5161172415843234,-0.05793934302221035,0.13063086602239568,0.1483002865761865,0.1578621634352184,-9715.852854320341,-4.735784647186701,0.05465740813305958,-4.55616365759143
700,-0.3568458364923145,0.4702143064717451,0.5162675228995335,-0.0628042016659353,0.12828706717987343,0.14985010447662933,0.1578621634352184,-9715.834282219324,-4.6705286248977975,0.054171748217636644,-4.734833731087103
701,0.0010592652467441227,0.5164142710969115,0.4523827811865584,0.03147651646104131,0.1263294482921222,0.1515717347755675,0.1578621634352184,-9718.465457136816,-4.718456016605257,0.05416460628446533,-4.6483066953072845
702,-0.3318167492982893,0.5747588512893949,0.4127717023200351,-0.05836733653933868,0.11239807184824767,0.15907904535063103,0.1578621634352184,-9715.320380996793,-4.6830559035022805,0.051216451571871296,-4.168798461066131
703,0.000980570065284892,0.541209423977099,0.4284373111801605,0.03051297254772451,0.12384700919255803,0.15430437603550048,0.1578621634352184,-9720.015092785625,-4.5069211511347715,0.05381113082022973,-4.522856832829988
704,0.0009693355565639698,0.5280991313045307,0.4415196203247754,0.030507308043301342,0.12535020687738663,0.153292496914037,0.1578621634352184,-9719.878371011522,-4.548583834077438,0.05407190318937867,-4.281246448164922
705,0.0009338614690145102,0.5492628012555878,0.4229830475361373,0.0278243769171485,0.12308684408619595,0.15505434214848884,0.1578621634352184,-9720.416301429172,-4.463761403133802,0.05372687859734134,-4.273201250625369
706,0.0011832252906705221,0.7068705531285604,0.26428849337671345,0.029000758560662386,0.10226349869924725,0.16558512825842084,0.1578621634352184,-9720.588124647624,-4.414489474082798,0.050469212570969035,-4.800783584789514
707,-0.29918597644564654,0.6253655265531276,0.36260467552948894,-0.05198252949878143,0.10589268048380168,-0.16432373110891713,0.1578621634352184,-9717.76401463811,-4.568601165674566,0.050336418720648105,-4.302508809622141
708,-0.33527931753586016,0.47586949569165404,0.5173293210436056,-0.06511657363080578,0.12493097346468893,0.1530938879705331,0.1578621634352184,-9716.820865230216,-4.45956837049383,0.05354212186511373,-4.175544448103473
709,-0.3461510612839795,0.43781697822252663,0.554506667859824,-0.06667481896207654,0.13223813058441586,0.1481815397790012,0.1578621634352184,-9717.187414044009,-4.372463643502491,0.055085033044599496,-4.169022780985412
710,-0.3551909652180605,0.4221853270409658,0.5717824000451373,-0.07029241970228906,0.13563085319159443,0.14560785631684892,0.1578621634352184,-9717.284727335333,-4.329185415307171,0.05586251866901698,-4.6665613696640325
711,0.0013136395270254698,0.41719647407610316,0.5542438826950054,0.028554081298459166,0.14198694587537306,0.14195407040920596,0.1578621634352184,-9720.739534359916,-4.480069639993845,0.057637728053627144,-4.414556641558062
712,0.0010620230811364388,0.3987047092027557,0.5709726605118963,0.030287651426436753,0.14641870475586283,0.1379316762660528,0.1578621634352184,-9720.502043386181,-4.4319746222255025,0.05869206742234942,-4.17239334673623
713,0.0009776580344416962,0.5104501654986433,0.46379453628614953,0.025726093554051983,0.1295528774322774,0.15169191465191031,0.1578621634352184,-9720.976575869732,-4.342994503491986,0.05504981897598224,-4.607261570684662
714,-0.3883873130132502,0.3752717955517852,0.6121853909573143,-0.07079169737123323,0.14262852213112143,0.14049079458432906,0.1578621634352184,-9717.625275237775,-4.466552766981761,0.057456322178024925,-4.418467688136647
715,0.0010427689215707458,0.3615154161363039,0.6105947127571995,0.027735491689875928,0.14891551561715968,0.13453475484943142,0.1578621634352184,-9719.464884706118,-4.450454127783838,0.05925888788239429,-4.621983602506513
716,-0.3855704868874708,0.3527016630261859,0.6379944493343668,-0.07348237789756856,0.144166747154102,0.13796386749590517,0.1578621634352184,-9716.699142891268,-4.509117090708923,0.057792764974534214,-4.491638786838793
717,0.0012295464641362557,0.3174447430169334,0.6478430039728245,0.03458943850631489,0.15718419200412453,0.12578897162867658,0.1578621634352184,-9719.354970188131,-4.488405571328012,0.061414125194401946,-4.027475497244859
718,-0.340609788259567,0.36602078489792034,0.6458857584468516,-0.08531916560864913,0.13363957715799452,0.14609331092222724,0.1578621634352184,-9716.575247361225,-4.348261142312645,0.055374352234149285,-4.433666710800415
719,-0.34276017484509114,0.36406163319908236,0.6498730870194354,-0.08780726659852828,0.13255399017562433,0.1468865423291832,0.1578621634352184,-9716.596682317722,-4.404331074800153,0.055130803986964516,-4.6601647369752826
720,0.0011552305048330809,0.33043735928998064,0.6366351664100574,0.0327104436610829,0.15607260708423001,0.12775718367438135,0.1578621634352184,-9719.854548052552,-4.491839337390074,0.06114291211966238,-4.681120378156776
721,0.0009023320180697491,0.3806739378334351,0.5912745949479896,0.027821613075412602,0.14634288865861494,0.1376445874046657,0.1578621634352184,-9720.009829788534,-4.537562051020817,0.05864567922082533,-4.70392594888068
722,0.001000456249211466,0.34587885279949027,0.615204155800245,0.038789093612969894,0.15677339536962326,0.12671657962561356,0.1578621634352184,-9719.33751843992,-4.576693169417151,0.06126457295044062,-4.105056894112695
723,0.001253923629863088,0.34367151958234865,0.6252370615646502,0.030848789564747944,0.15560334422017194,0.12901895762151275,0.1578621634352184,-9720.539529908336,-4.416753965452166,0.0610550254024144,-4.681221580802568
724,0.0015715718617042354,0.3031316966155633,0.6598743190237273,0.036876453773300746,0.1637335184952577,0.12002720531399987,0.1578621634352184,-9720.932573651005,-4.5406975712647055,0.06331983737905086,-5.039159318660917
725,-0.4344579139559941,0.3006621544244621,0.681610973080675,-0.07561344665117802,0.158320204980618,0.1263217352672764,0.1578621634352184,-9719.392511435477,-4.70982234023728,0.06162207682986347,-4.757183417843234
726,-0.3942978756282828,0.35760956520305176,0.6465365158874037,-0.08897329014386243,0.13854223222418488,-0.14316832604716168,0.1578621634352184,-9717.712043001957,-4.695494475104013,0.056537284509168236,-4.960388135501753
727,-0.35527676774441075,0.47232645830159403,0.5427146726316855,-0.09151012459325131,0.11568644314413642,0.15926985013309602,0.1578621634352184,-9718.057046378719,-4.7764440878102725,0.05174832383523151,-4.7622974713845085
728,-0.11169994809820255,1.1672288984991015,-0.1742010364407522,-0.017151156153150854,0.03047355472998848,0.18504211153173966,0.1578621634352184,-9718.142342749321,-4.76574497425686,0.04253035805618776,-4.9408256478970545
729,-0.4437467417011245,0.31729450666124603,0.6832121391684922,-0.09591829031070626,0.14667873777887222,0.13540487273040788,0.1578621634352184,-9717.818303095259,-4.838759882586918,0.05852782004890351,-4.536756707193395
730,-0.21138982479961427,0.9203723622583787,0.08381489927882671,-0.049878302455479265,0.055416137446848375,0.18137731682545993,0.1578621634352184,-9718.131944701783,-4.71253566863583,0.04399902587169789,-4.042061199320169
731,7.497609499994786e-05,0.6940769018138395,0.286144892608053,0.0193571223879146,0.0990017005582969,0.17017580796375786,0.1578621634352184,-9724.334335631454,-4.458215979642394,0.04995448379891242,-5.1720920366171805
732,0.0012986141537536318,0.3032724243722471,0.6610925335122174,0.03547648466541953,0.164777579233987,0.12524487751155733,0.1578621634352184,-9727.129816631652,-4.743046243763406,0.06390832688576925,-4.7242913702352665
733,0.0016407637227449506,0.3052023365715235,0.6593229177076139,0.03538846061916957,0.16365264863502166,0.12637606829843,0.1578621634352184,-9727.048559217694,-4.705135811734352,0.06357922278025255,-4.968011760716758
734,-0.0004974970277330299,0.3209081820859009,0.6472144411684362,0.031379732422407214,0.16122397338575306,0.1297495214470143,0.1578621634352184,-9727.62278939764,-4.773474076337692,0.06292193101034015,-4.979719791378782
735,-0.0015619542954349126,0.857821202159267,0.12844504275272894,0.013187707580306953,0.07418149873582902,0.1816558391502291,0.1578621634352184,-9727.831585287531,-4.841272332405923,0.04708763060877611,-5.091459227067434
736,0.0011092542805589921,0.32962129110682936,0.6409280607468577,0.029486991282156896,0.159256215145336,0.1313449673032867,0.1578621634352184,-9727.186855543732,-4.9355374307338105,0.062366383798719394,-4.714567733331754
737,-0.3062797009922327,0.8026993950640268,0.19227368242551302,-0.06121164563406116,0.07260996556135585,0.1812901297660422,0.1578621634352184,-9723.780755255139,-4.8296860549049,0.04591948935778755,-4.497986524972398
738,0.0012985961676046575,0.5564894865116501,0.42216686506848333,0.021339395823526196,0.11704303904509895,0.16455876052487678,0.1578621634352184,-9727.323441025448,-4.705775527087935,0.052839804408299676,-4.803148869861308
739,0.0008005386546899593,0.37365385814418606,0.5938476164577127,0.03239305046735458,0.14791226667571805,0.14244569834601906,0.1578621634352184,-9726.94431473843,-4.759740147079716,0.05932140024188631,-4.927323026721599
740,-0.47796619364621945,0.3557076176017414,0.6210925153653062,-0.07996064532043468,0.14413332379616617,0.14448882023731113,0.1578621634352184,-9723.907963203652,-4.810299529300883,0.05800641153225896,-4.953991047663029
741,0.0011452211503509733,0.35704078767612196,0.6071137431200746,0.035872072390513404,0.15349953887031959,0.1376443759482086,0.1578621634352184,-9727.364352393724,-4.836584375351848,0.0607714576271276,-5.296153326446669
742,-0.3277113880119586,0.8655935642628515,0.1131585696853341,-0.049698634718469324,0.0690294879507708,0.18246458991609446,0.1578621634352184,-9724.943790268333,-4.9827244693009884,0.045777177661294605,-4.9994344407909
743,-0.3434636286728935,0.7267063436775425,0.2517989652915169,-0.05271822613413335,0.09020602904449246,0.176110708370404,0.1578621634352184,-9724.816608620024,-4.958177305402352,0.048305120357094805,-4.378282132578799
744,0.0012818922816778546,0.5461252594196402,0.41939169793013,0.034549951871764586,0.12145243125867014,0.16410474987166157,0.1578621634352184,-9729.609380986387,-4.742270820693484,0.053752523217665424,-4.829689323339013
745,0.0008392023657599723,0.5394670765883376,0.4245078390551851,0.036031019618956536,0.12208885139655665,0.1638899372611381,0.1578621634352184,-9729.608002791687,-4.802594264962803,0.05384850621022186,-4.95183391850874
746,-0.43702926646631823,0.4085094162868481,0.5487088792059003,-0.051470770440716046,0.1429937369759688,0.14902301704795162,0.1578621634352184,-9726.684871920752,-4.848884027721812,0.05780804514684393,-4.597065629431649
747,-0.39842980665611494,0.4862342409297671,0.47142197651437645,-0.0436888282482448,0.13022702668777802,0.1588029711294596,0.1578621634352184,-9727.006773109353,-4.735985749014014,0.05500056052662384,-4.870458900896037
748,-0.3737259315812961,0.5470680124207457,0.4092559293168756,-0.03705888710135857,0.12058866111574731,0.16463386573558697,0.1578621634352184,-9726.978198297757,-4.784390534056212,0.05310471711492192,-5.209495668822289
749,0.0015597355278722045,0.47127977127103027,0.47392569502515514,0.05512117290974236,0.13317761343604256,0.1573724850852141,0.1578621634352184,-9729.837807199887,-4.94219434028391,0.05594788546053738,-5.0379277510532985
750,0.0005847948319200808,0.40593760035053966,0.5316881342889722,0.0624965797265154,0.14604088977922436,0.14750990074841014,0.1578621634352184,-9729.962618020572,-4.949042310740498,0.05885589032883819,-5.009891558780189
751,-0.0021729733499660977,0.9615595542582163,-0.008271375026837613,0.04619498824992142,0.06574246397453792,0.18489020793992855,0.1578621634352184,-9729.685793552933,-4.956550451880461,0.046443913062483994,-4.408620829797042
752,0.0021352482756999223,0.7722959888051429,0.16721376655003053,0.0608206052839675,0.09146220381688325,0.1791450394451365,0.1578621634352184,-9731.455851393244,-4.746680313617743,0.04919910470597605,-4.989807057212011
753,-0.011291813325100888,0.7603275863180543,0.19032438035059696,0.04688047221583287,0.08893068241110233,0.180146847560138,0.1578621634352184,-9730.62619827656,-4.852492124921375,0.04860584940561658,-5.135959598485924
754,-0.33842760204697386,0.48459619552241806,0.45543741063998006,-0.012827504103612164,0.13195184203580307,0.1595243999368351,0.1578621634352184,-9728.53505085394,-4.935300743038487,0.05534950578669661,-4.949578171585012
755,0.001047247993741291,0.4967061162611973,0.44652663444045215,0.057185716258441724,0.12266781482721793,0.16205052194287203,0.1578621634352184,-9726.772998861881,-4.925752098963544,0.053500504971413315,-4.919280066099493
756,0.0008779453665446633,0.41478259544576634,0.5131208987080544,0.0724304477846561,0.13963922517524868,0.15009019160134857,0.1578621634352184,-9726.362659009174,-4.908586039276915,0.057075570714353076,-5.295930209193938
757,0.001038981257570606,0.4555228844607206,0.4783282710702493,0.0665893329298046,0.13348282682278523,0.15564374093479377,0.1578621634352184,-9727.395887145105,-5.0510862947530875,0.055798574553500464,-5.214641231896998
758,-0.2957496421120545,0.41723895442547543,0.5595334582430045,-0.03996477512216922,0.12867055804206062,0.15809570335118647,0.1578621634352184,-9724.992136988569,-5.067269206723859,0.05441929365757357,-5.23273000656098
759,-0.22971563525695232,0.23482259207127748,0.8787496564457506,-0.16232052331537178,0.08476598206877606,0.17701141935993256,0.1578621634352184,-9723.236780427234,-5.091623937820187,0.046348432204880954,-4.973497954692509
760,0.0009562587990305656,0.41051680013906533,0.5770855554396797,0.013014284549956137,0.11889354048036893,0.16290961772650042,0.1578621634352184,-9725.572228023388,-5.051152333929723,0.05262527474244101,-5.424408670357085
761,0.001105902661609264,0.5820856089881816,0.42640403292425644,-0.007807742739392909,0.09080709081384192,0.17698519698904724,0.1578621634352184,-9726.019453537858,-5.176781142639258,0.048030913642960936,-5.442189791361442
762,0.0009285025643916067,0.40744333048272763,0.6032491833555096,-0.009881688020962325,0.11345632689372676,0.16613992485708337,0.1578621634352184,-9726.416978986692,-5.245275709765262,0.051674418446109635,-5.29645821505009
763,-0.07502278781846708,1.1781516474864873,-0.1920795968139641,-0.0018650422068412246,0.02747838726566934,0.19028755321053242,0.1578621634352184,-9722.505298713388,-5.210761430360013,0.04203394500517571,-5.114600229552921
764,0.001998988532438976,0.29122529265578556,0.7164164556670871,-0.006433273315393688,0.12685282270451984,0.15597264696333013,0.1578621634352184,-9725.962694735314,-5.186919833496274,0.054338635722532426,-4.690835401742156
765,0.0022500108342387026,1.0369661928962475,-0.06904715537727635,0.03293999820670436,0.047509781152390934,0.18725000568765748,0.1578621634352184,-9725.341478233655,-5.008607842432889,0.0440280378059766,-4.8706611124755215
766,-0.16657658956181903,0.9310443766991217,0.04189932897844439,-0.008102997338061552,0.05454989588157193,0.18534517581082507,0.1578621634352184,-9722.184876406465,-4.949507652577314,0.04361775465575696,-5.146526335238164
767,-0.15443881854397257,0.9052049845474084,0.08528269896336886,-0.02307517539878221,0.05294634651200836,0.18552664025365037,0.1578621634352184,-9720.799981211705,-5.018304792316273,0.04330080024389643,-5.17531359926248
768,0.0018284193032088141,0.8310580567412271,0.15363304286801666,0.016129506658229955,0.06453630858393772,0.18272214198712727,0.1578621634352184,-9722.499309045497,-5.087212564634017,0.0449054257970254,-5.364399375901014
769,-0.17216498569533764,0.7158138956017965,0.30512898398852684,-0.057260490247091414,0.06659887548934645,0.181886935345907,0.1578621634352184,-9719.494050760739,-5.143483597132729,0.04431221533797097,-5.150231602303228
770,0.001195332007733107,0.4827128659696416,0.5020532968146529,0.01608994426704385,0.1073913747864825,0.16675033336705308,0.1578621634352184,-9721.979593268201,-5.146762119585668,0.05031077484342007,-4.511738936941079
771,-0.08098423764636589,1.2063615743123628,-0.2412942568798911,0.017863995760391396,0.02799045853006404,0.18950532109179655,0.1578621634352184,-9721.277135823528,-4.9052028382306005,0.042131343714734856,-4.853015223931942
772,0.000961887327847044,0.3252918483746964,0.6314705986932769,0.044034741985152503,0.1375751698843588,0.1490475436017008,0.1578621634352184,-9724.860082606556,-4.941271664112245,0.05653115105706905,-4.840859003882032
773,-0.0010065727151602538,1.0523440574048695,-0.10310027498706323,0.05089476291041871,0.04594314100273961,0.18628432893898383,0.1578621634352184,-9722.80101511713,-4.905559169380762,0.043579498522571467,-4.732116747520479
774,0.0007489561824074889,1.0624372327392684,-0.11074364135099828,0.048771404085410225,0.04442811553917525,0.18627677639960455,0.1578621634352184,-9722.296674252553,-4.859737948458694,0.043447417978061655,-5.0787032795292975
775,0.003518944856496049,1.0224321881582032,-0.07045760593151759,0.049106176182713304,0.048034412043889835,0.18589864426522834,0.1578621634352184,-9722.505743157284,-4.947637520408209,0.04364265329985949,-5.352806790983948
776,-0.19446295412561254,0.8240461271333712,0.12942199731438028,0.005622466089907749,0.07007269965587287,0.18090070141848066,0.1578621634352184,-9720.741827768175,-5.056098326498814,0.04501959204615687,-5.174174059370911
777,0.00103267991146748,0.7085859914023265,0.2474768656655299,0.04461668274368685,0.08259875196520561,0.17555894100302535,0.1578621634352184,-9719.467522447494,-5.095808760663971,0.04662319810482526,-4.911740882963459
778,-0.23230537293506742,0.5764052442244321,0.4032583355966293,-0.028692229299637842,0.09400082996069226,0.17134420360899896,0.1578621634352184,-9717.40360984662,-4.992366812453779,0.04762509204025282,-5.152682894915852
779,-0.10134940507274343,1.071325810939015,-0.09625113997901574,0.0035958679224566735,0.03985904961458713,0.18535871756141747,0.1578621634352184,-9717.457972677736,-5.04145592553427,0.0425271496135739,-4.370583569851603
780,-0.0003069410834516885,0.9834259673265253,-0.03343494030686979,0.050219962915948047,0.05135037187867149,0.18522687473694494,0.1578621634352184,-9721.926685956409,-4.834947319270782,0.043722343375651514,-4.804515745976714
781,-0.1632155858565829,0.8975695403328303,0.06993793394367703,-0.0019626223215866616,0.05938667252526482,0.18353003557901412,0.1578621634352184,-9719.765047425319,-4.823545827658092,0.04400514981685628,-5.208203959868294
782,0.0010474112114204838,0.8000109269161895,0.14580188326296872,0.05477932666456632,0.07098866721441988,0.18162766554845333,0.1578621634352184,-9722.495606384195,-4.98541518974383,0.04536590356032481,-4.709869568590891
783,0.0015008596633245743,0.6941527650082739,0.25394973808593746,0.05255297441615589,0.08143201281390502,0.17891191584359784,0.1578621634352184,-9722.458310311582,-4.885040126224882,0.04641048627411499,-4.84503158613391
784,-0.23963566466929348,0.5165598875799255,0.4769023755322477,-0.04416140612844674,0.0942536360093024,0.17358199207149116,0.1578621634352184,-9719.351448690188,-4.852194671143422,0.04760924707391945,-4.852174946426279
785,0.0005956850077576388,0.4172421702875581,0.5198138190957322,0.06337469502951598,0.11491647599021233,0.16339916192023654,0.1578621634352184,-9721.120233230255,-4.882149623918617,0.05132682812949467,-5.3585995676124885
786,0.0009938332305147578,0.4015310574251225,0.5288915475715006,0.07019391038701389,0.11945772517104147,0.16195556129679467,0.1578621634352184,-9722.609556055191,-5.046439171971115,0.0522871326523001,-4.650611185334989
787,0.0010755832437603263,0.3242085699779613,0.6032518920623113,0.07307337691786198,0.12785345269870868,0.15681083437164,0.1578621634352184,-9723.34022659111,-4.887617568820616,0.054071584578628235,-4.924077755033582
788,-0.24832496721238073,0.43655578069980605,0.5649511183859834,-0.05402998122102688,0.09994093824565731,0.17260319679023198,0.1578621634352184,-9721.185826653105,-4.8914336839899475,0.04851171415233983,-4.940101124243397
789,0.0008722842128946215,0.3366395553315119,0.5906102562546771,0.073229481212737,0.12526739894649802,0.15831540865465388,0.1578621634352184,-9722.907584725113,-4.929722662251181,0.05347204720205189,-4.901074236138511
790,-0.29435974040079044,0.2931441785833874,0.6961119947310029,-0.05151187197431502,0.11973484744087742,0.1608211088198536,0.1578621634352184,-9720.890019982777,-4.902777531176154,0.05216258582314921,-5.062434562232416
791,-0.30067698482684735,0.24981926402077914,0.7426410363180056,-0.05597700209146042,0.12277897962441905,0.15828031683198773,0.1578621634352184,-9720.928011193093,-4.931394063144433,0.052865224079602285,-5.028111616777668
792,-0.20520966716678443,0.6291677176498536,0.35879492686224723,-0.03122721084517012,0.08203212002987564,0.17879786751488885,0.1578621634352184,-9719.921450331638,-4.959074840947297,0.04601405805016204,-5.220011199095493
793,-0.26540351565520803,0.39304640465626356,0.5871455338621245,-0.0361352624217251,0.11146751293362653,0.165432969268121,0.1578621634352184,-9719.739748915837,-5.0308707448526055,0.05043811289160325,-5.336737094001766
794,-0.2478273490787022,0.46204297461123633,0.5115311465671587,-0.02570832637348966,0.10662735973725068,0.16856677341056164,0.1578621634352184,-9720.357823851953,-5.110011937018302,0.04964094667514091,-5.112146348922229
795,-0.2670889271399478,0.3923107194172736,0.5777346846244911,-0.026245631525073455,0.1156921960564998,0.16334169719443065,0.1578621634352184,-9720.2111281371,-5.084730475492243,0.051263269895057945,-5.365109385489489
796,0.0009376171510827637,0.3472051765797094,0.5804050655179702,0.07311145293221954,0.12770967013043194,0.15579535771759773,0.1578621634352184,-9722.222696528315,-5.183566171768571,0.05399498565702482,-4.943511557197454
797,0.0012730096311443988,0.6311043045622752,0.3010900639953832,0.0685377980667721,0.09148076793163654,0.17480565915623686,0.1578621634352184,-9721.717878163985,-5.083506773046122,0.04767008252543675,-5.493603664525116
798,0.0010043983924799644,0.4147085440163434,0.518512090072969,0.06753477603407651,0.11731088155979566,0.16223740777061796,0.1578621634352184,-9721.441644014736,-5.224217822258286,0.05182148861232891,-5.322782874639992
799,0.0010198899471219967,0.4026863269704119,0.5299722217729513,0.06811839327837148,0.11982066390359714,0.16075287983954786,0.1578621634352184,-9721.540969068279,-5.228978273579207,0.052333117893924606,-5.397716628605911
800,-0.24769745998617793,0.3791763916679031,0.5965491031725213,-0.027664529909697644,0.11963831560775898,0.16055213687451164,0.1578621634352184,-9720.071219447735,-5.247356653349789,0.05211893801310481,-5.178557858768802
801,-0.183726934482223,0.6389938210462622,0.3441368136186546,-0.02162294191898092,0.0864398266615523,0.17676363061501899,0.1578621634352184,-9720.076333845882,-5.197660491294051,0.046808893959183515,-4.907325587929105
802,-0.2281984606779285,0.47627219958468936,0.5038730945711394,-0.028096861381928878,0.10513410754714267,0.16866961124330354,0.1578621634352184,-9719.455012056484,-5.09323857231018,0.04942408448111333,-5.142749763160306
803,0.0011089227888262322,0.33059908111635994,0.5849306216126885,0.08508997378374092,0.13260260986369496,0.15053985501699463,0.1578621634352184,-9719.865301109958,-5.133574034145329,0.054978293934618706,-4.806765734924113
804,0.0010191077972070217,0.32531875007355104,0.5847788951242896,0.09044322527386237,0.13348421192267962,0.15038430885805096,0.1578621634352184,-9720.554267139307,-5.0224513665491095,0.05518402035371984,-5.1088181019990655
805,-0.28752822822030777,0.31136125216221544,0.6489426849319713,-0.02079600363573628,0.13040818813238125,0.15220742282662175,0.1578621634352184,-9718.724470546533,-5.035319698986332,0.05432819762132371,-5.2580042382274055
806,0.000990733304654978,0.2974794894338424,0.62461233491553,0.07859407416932127,0.13296792770014773,0.1502618350597562,0.1578621634352184,-9720.266680364424,-5.119351671284094,0.05511521309862363,-5.116073666252804
807,-0.2772396332200247,0.31587042745034466,0.6520982166695941,-0.026142383547010303,0.12738198018641766,-0.15391378262020405,0.1578621634352184,-9718.222756542633,-5.089316931647206,0.053656131986224084,-4.871391426274059
808,-0.2878349091463241,0.3167359652420185,0.6460961956894479,-0.023288445975749257,0.12880476806693575,0.15329108874309172,0.1578621634352184,-9718.559820137376,-5.00585640706733,0.05396555947766948,-5.5134658689152936
809,-0.2616004866153891,0.32239173900195417,0.6559958034003915,-0.033182652944204576,0.12324737164527236,0.15841971154458215,0.1578621634352184,-9720.272950084627,-5.175468065723721,0.05287648064032403,-4.932332407951091
810,0.0008643461523977083,0.2912952601539911,0.6366009209214435,0.07282020527665291,0.13072838202601922,0.15373898799697877,0.1578621634352184,-9722.284332944319,-5.097686617932197,0.05470821188459107,-4.800717703687037
811,-0.2789755782973124,0.2996894871284549,0.6798885153424479,-0.03821807246514225,0.12483998742452898,0.157498203304353,0.1578621634352184,-9720.380335735696,-4.978884176817264,0.053241953475968176,-5.003501231549316
812,0.0012529036002761479,0.28258662613531615,0.6411697931571296,0.07688303307032586,0.13297085731483194,0.15170156424337877,0.1578621634352184,-9721.798598399908,-5.019576510361162,0.0552074284902014,-5.268289912209626
813,-0.271718255242025,0.3006681842811021,0.6747281812558703,-0.032442325345839365,0.12638559239907513,0.15664358187187333,0.1578621634352184,-9720.442085920726,-5.082084804978136,0.05357816540167307,-4.817032637459212
814,0.0012723368499816894,0.2557942887387865,0.6751110988129994,0.06971320452076077,0.1328806429512484,0.15190192310866962,0.1578621634352184,-9722.51801421903,-4.996471946410474,0.055272058422074055,-4.940172537628707
815,0.0010884890533303176,0.26715977229241583,0.6631466752027364,0.07030135160388092,0.13210433941719568,0.1524078287181907,0.1578621634352184,-9722.191573137557,-4.9916542392782,0.05505998509880709,-4.826460532934895
816,0.0008016022511569945,0.2628437727334686,0.6667622007301373,0.07092137269768524,0.13345293959379495,0.15140763527200835,0.1578621634352184,-9722.320438485714,-4.955073786454824,0.05538535617790112,-4.891990581377206
817,-0.28481550709242526,0.23322610798470922,0.7745795802234317,-0.06769102428963122,0.12219594220261606,0.15798071338976472,0.1578621634352184,-9720.434334061929,-4.918874071970699,0.0528447502525492,-4.560763169923324
818,-0.23574919790815202,0.45446238157003027,0.5559984790947826,-0.060069041781340975,0.09730067923154578,-0.17377288618809397,0.1578621634352184,-9721.117161379256,-4.799726161216314,0.048159148098359764,-4.902399736127857
819,-0.2869845841422245,0.26198478859377206,0.7397701659577693,-0.062156727867247935,0.12129923169456308,0.15906913562160382,0.1578621634352184,-9720.385122924014,-4.8443155907319815,0.05258570150171197,-5.273767788996581
820,-0.2723741595981385,0.28982183012544743,0.7050056676581069,-0.05203912373170949,0.1194717499800682,0.161641701478262,0.1578621634352184,-9721.549420241527,-4.974627099000452,0.05218593006868657,-5.205320358200545
821,0.0009534032635574012,0.31850288760596657,0.6157654865562678,0.06627283450526028,0.1251714136714963,0.15878416653236815,0.1578621634352184,-9723.540308046471,-5.0552423675751,0.05350591866813002,-4.890739252035706
822,-0.2298641994510664,0.48352601439055076,0.5130812001542594,-0.044795715443534306,0.09756927493806347,0.17309553495208127,0.1578621634352184,-9720.33810481005,-4.964755434203982,0.048169131164203766,-5.046999922050208
823,-0.24779334154011737,0.4071331661491686,0.5864750845380142,-0.0455361372449917,0.10661770031428572,0.16851276764178622,0.1578621634352184,-9720.195895140134,-4.994328296165837,0.049623408879526654,-5.1077443651234296
824,0.0010836588002593062,0.38101803927429156,0.5615416060310352,0.058013986693695674,0.11608728477018992,0.16305118990512024,0.1578621634352184,-9721.449420016539,-5.052562038134329,0.05155230487894211,-5.4084554729762635
825,-0.2125778960640195,0.5493805825936962,0.43120397038860603,-0.025014120081978265,0.09625419805761246,0.17319750278735585,0.1578621634352184,-9719.990243650705,-5.136167164071681,0.04807135051612677,-5.228155027972908
826,-0.25645833509916915,0.3742214766816609,0.5928763204824314,-0.0207289240703193,0.1215017089604139,0.15928267704264726,0.1578621634352184,-9719.487722797187,-5.130492207634893,0.05244864354251969,-5.392333245137153
827,-0.22337376164465267,0.46907735232282993,0.5053887452710588,-0.02107879686540793,0.10822587115017701,0.16720103638155664,0.1578621634352184,-9719.765580800387,-5.200465585697829,0.04998175196239344,-5.139987710249103
828,0.001059160315598598,0.3602998150329185,0.5690015763937274,0.07139760454519462,0.12396319120009378,0.1573741846604752,0.1578621634352184,-9720.705453219423,-5.1829434455041845,0.053121401100344655,-5.354969986385331
829,-0.2481528178306563,0.3559144988650331,0.6047090479175612,-0.01242140834865766,0.1261866923681349,0.15602934316150546,0.1578621634352184,-9719.518024501862,-5.215587876954074,0.05342819933781936,-5.421628752804049
830,0.0006431293433330316,0.34124974445952583,0.5914234480833631,0.06805294441976197,0.12781275501850523,0.15461867372567545,0.1578621634352184,-9720.788113074768,-5.280498051851454,0.053989638935251556,-5.528348178810295
831,0.0013662241082266842,0.5829755329898991,0.36422898620517785,0.053648690121730694,0.09755316920023985,0.17176647990988975,0.1578621634352184,-9720.906675726432,-5.347331865608235,0.04859947289378869,-5.702835222691406
832,-0.21838969044436546,0.39794235983498694,0.5628531232270634,-0.006105923236107326,0.12686834986090847,0.1554566923696883,0.1578621634352184,-9719.545724930824,-5.417103337009115,0.05366373323711482,-5.809854749940325
833,0.0010051211085407724,0.4188452140142853,0.526652807634481,0.0554399429397613,0.1243755164595963,0.15742813886082474,0.1578621634352184,-9721.529347360109,-5.539813275391336,0.05343261375840486,-5.543912209840498
834,-0.19719976974217246,0.4688872493943644,0.4913264363116943,-0.0009509608339690696,0.12237692151758198,0.1585503151083412,0.1578621634352184,-9720.007342559755,-5.483866640453756,0.05288321405136935,-5.604794638259059
835,-0.20383085550014418,0.40943993600442474,0.5497067075468417,-0.0012248812656445148,0.13111971094990588,0.15255546199120465,0.1578621634352184,-9719.99447877704,-5.503541467155955,0.05467879503092153,-5.635569842661569
836,-0.19991134789196163,0.4076341340517552,0.5527926076748833,-0.0016490109193253986,0.13228465426641167,0.15185787328288003,0.1578621634352184,-9720.229991799491,-5.525499019608326,0.05496932578859716,-5.643237237265667
837,0.0006195272444254051,0.3974394437034833,0.5502917893493251,0.053234271131621005,0.12931021187854475,0.15340120909672883,0.1578621634352184,-9720.876207300533,-5.562408635096494,0.05448586329476737,-5.582809802153305
838,-0.14004851529645074,0.6485988651884649,0.3247223916187308,-0.002117403105799287,0.09770855363506069,0.17090584542277942,0.1578621634352184,-9719.975286693294,-5.522827028197147,0.04890879744628455,-4.950073547811477
839,0.0006751225047995473,0.4463193615856281,0.5006578835108448,0.053767312569573227,0.11769178377670128,0.16146273838950287,0.1578621634352184,-9720.97993291633,-5.331333424885819,0.05204739648813164,-5.404033718705628
840,-0.1948839086632499,0.4087223383262678,0.5667297724995197,-0.015891336130060198,0.12365629807823159,0.15665719876601558,0.1578621634352184,-9718.58178486269,-5.35437468596758,0.05303858911914205,-5.069252429520753
841,-0.21254156964085344,0.3922836277707902,0.5748324229855588,-0.011287559424243155,0.12763592525267,0.1542744004842687,0.1578621634352184,-9718.967840262836,-5.244512425782791,0.05384512277251517,-5.3771872086986825
842,0.0004500246514431502,0.442182842679668,0.506785393910747,0.05158215393748858,0.11722632549433797,0.16086273293307574,0.1578621634352184,-9719.955497352235,-5.318654419305489,0.05189868967516572,-5.738214920116632
843,-0.17327027241097037,0.4405963958950092,0.5416359351155763,-0.018104804289571327,0.11773051007529284,0.16149038485467632,0.1578621634352184,-9720.098567277966,-5.42205589082469,0.051957353334162654,-5.60555527586595
844,0.0002462117558105709,0.47241809171968197,0.48429206654295553,0.04385775262860825,0.114227027584243,0.1634086804418908,0.1578621634352184,-9721.074333570623,-5.484530552315855,0.05146565271115887,-5.291162531176502
845,0.0006391882324633851,0.47510737531733904,0.4753760169331187,0.05011529203728653,0.11456277485197444,0.16351203287450916,0.1578621634352184,-9721.324768234774,-5.401293903468322,0.05151862716327342,-5.618028298871048
846,-0.1629662737113354,0.42972333694549913,0.5594852178292435,-0.02284814270781954,0.118044029633146,0.16073765396946094,0.1578621634352184,-9719.850533663423,-5.456207546094629,0.052030351751589154,-5.535294879262372
847,-0.13873121911185715,0.5700316410154773,0.4137305103066799,-0.012430492945978887,0.10286731396453341,0.16856799570858888,0.1578621634352184,-9719.496448805392,-5.4604844912516874,0.04948972029214983,-5.489156940586342
848,8.119835835398339e-05,0.5240255808871033,0.439298734121782,0.037195761741861275,0.10620585783658895,0.16661934221377073,0.1578621634352184,-9719.81297042441,-5.4780872107511005,0.05003516727492242,-5.307258363372643
849,0.0001769809287717554,0.46563924085523556,0.4991261622634937,0.03583466847674677,0.11085066979425065,0.16387817853472808,0.1578621634352184,-9719.23585460537,-5.413083569117368,0.05072292966407248,-5.492292556780214
850,-0.14406404022363106,0.5180846155767561,0.47335108253666597,-0.021074077082573937,0.1061377255886355,0.16564674375711833,0.1578621634352184,-9717.556407434715,-5.416713263314066,0.04985051974900858,-5.317436715238141
851,0.0003588841469377996,0.4845418742491886,0.47989794937672176,0.03621186412392701,0.10864335769626779,0.16387756873450754,0.1578621634352184,-9717.889618262026,-5.400200426021364,0.05027940997096295,-5.470075686125547
852,-0.01791790460312396,0.6244583553303944,0.36399854034102164,0.008205699652235342,0.0876494489282304,0.17331823286975667,0.1578621634352184,-9717.598103517683,-5.421313501200845,0.047142620383018696,-5.468097564087659
853,-0.13669886424956218,0.5476827648518332,0.4408660543108189,-0.01664153722591618,0.10344503227231548,0.1654976091631452,0.1578621634352184,-9715.728694291303,-5.40468647033159,0.04936556587624831,-5.390531850849073
854,0.001106747679911981,0.5449530886933643,0.4180021271281407,0.03788080460941088,0.10219107016390683,0.16595218499144324,0.1578621634352184,-9716.376550842762,-5.418656959583491,0.049200064188826366,-5.4095513318773785
855,-0.13289300576468632,0.5496327936597785,0.44478264565902637,-0.02174960454890778,0.10088613691818725,0.1665200577434126,0.1578621634352184,-9715.386659597687,-5.382823909046766,0.048918589927050615,-5.892943831741529
856,-0.11909329808059477,0.5078055094685603,0.4902458967222453,-0.022435670478638654,0.10522664135467574,0.16513547814667073,0.1578621634352184,-9716.427303807148,-5.549245467950134,0.049658991641724215,-5.508717467353296
857,0.001220145512415022,0.48902191250050664,0.4811217266688018,0.03071851838807844,0.10773023878825763,0.16375222056866928,0.1578621634352184,-9717.089066534309,-5.528063216991387,0.05012759494007603,-5.521981186719421
858,0.001220995957655186,0.4966136433841839,0.473955468653663,0.03029040090575452,0.10656611134577401,0.16437444981785912,0.1578621634352184,-9717.072451902855,-5.519085929907084,0.049930329474668134,-5.105014457931008
859,-0.002849375818051128,0.5310454734067368,0.43920216997239275,0.02966134846774357,0.1025034807569891,0.1672289530240608,0.1578621634352184,-9718.118288509184,-5.375247085994064,0.04931342621587127,-5.070569195090433
860,0.0009070213854886976,0.5070864265354246,0.45419871707579584,0.03936675964289636,0.10782416798618488,0.16488303583762687,0.1578621634352184,-9718.736792015055,-5.294674377600932,0.05021724015020239,-4.990366403131979
861,-0.00011263079366101366,0.5619102294560544,0.39662001710224737,0.04188197128682922,0.10323939230815052,0.16717759551121553,0.1578621634352184,-9719.100230998843,-5.209147097607204,0.049553009192196074,-5.38428511727898
862,0.0012156301252831798,0.5387499222651038,0.42121855534370745,0.04070688159229142,0.10510024624771169,0.16626051645335285,0.1578621634352184,-9718.908406833838,-5.292145941194114,0.04981332420060195,-5.085740467703371
863,0.006740007254981594,0.5234670517293558,0.42696246410256783,0.05136052059479721,0.1102091079081618,0.16387426537528585,0.1578621634352184,-9719.238479837102,-5.2191900985888555,0.050732156121530474,-5.001794769792655
864,-0.15845948017754358,0.5406072305697602,0.45143528613741013,-0.024884376787426332,0.10517011203174037,0.16626154409293614,0.1578621634352184,-9718.042981425882,-5.11939054124615,0.04977186499044667,-4.981942900691134
865,0.00046152412161637414,0.5178803355136975,0.44088476195746973,0.041648892826695955,0.11009571141963753,0.1638081296287178,0.1578621634352184,-9719.357484856708,-5.120033514159005,0.050714220002740895,-5.233383336173375
866,-5.2710672000695096e-05,0.5234493170103263,0.4347807772415154,0.04213040056349619,0.10884236432240896,0.16453912376945742,0.1578621634352184,-9719.321208061085,-5.182818614258342,0.05048341040298142,-5.560870830956082
867,-0.15338834048143524,0.5017732739128911,0.47874144802271845,-0.012185223870572755,0.11300634428598139,0.16308702186701413,0.1578621634352184,-9719.189309219151,-5.277328527577183,0.05114200625146905,-5.34642604107637
868,-0.15267252508992912,0.49165022848145074,0.48941537600316143,-0.012538688462965873,0.11425353334672145,0.16222940809216868,0.1578621634352184,-9719.119329871077,-5.270895996884379,0.05135660830631872,-5.371620117755583
869,0.0007150356418551341,0.5815161466764669,0.369996146542068,0.04902794991541957,0.1045765288089547,0.16680950070747297,0.1578621634352184,-9719.823179048939,-5.3266101800318415,0.04989929713624504,-4.708613979558754
870,0.0005979579098595691,0.5119338319290084,0.4404437557048657,0.04811562881183428,0.11279446613883151,0.16406713571816736,0.1578621634352184,-9721.42187293002,-5.115330898246847,0.051294977116283495,-5.044588698833065
871,-0.00022219768486381056,0.5136534791581139,0.4389293089981774,0.04769933611944313,0.11342120093406695,0.16358272651960948,0.1578621634352184,-9721.389426915384,-5.128797446984253,0.051425340983152545,-4.702173441687269
872,-0.16229085025932705,0.5951853286822605,0.39599552583217007,-0.024854275777234813,0.10137696092269241,0.16965084610499642,0.1578621634352184,-9720.72793362671,-4.957219616186812,0.04942867566326394,-4.204807840626502
873,-0.19409002452057578,0.5494682446169636,0.4496103813453368,-0.03954898075466949,0.1102003973544051,0.16722051307568192,0.1578621634352184,-9724.00139211383,-4.70614477146809,0.05111480142855962,-4.904917403754757
874,-0.1744815366683513,0.6111346624538536,0.3803312428717291,-0.027850653824786707,0.10277994688362455,0.17101257787796387,0.1578621634352184,-9723.991232779119,-4.817833091856477,0.04994246986927149,-5.025662758024055
875,-0.17866109878107905,0.568359171271565,0.42351832628000075,-0.029064123926254484,0.10685763401539089,0.16919203425975565,0.1578621634352184,-9723.93392502808,-4.897037253490747,0.05048514348759417,-4.99262066498675
876,-0.18927967299348097,0.5214145147440872,0.45793846603486493,-0.018781059014452484,0.11664214977343136,0.1637396585754027,0.1578621634352184,-9723.6335716439,-4.91833121761434,0.05213133937761783,-4.90065871060782
877,-0.17129090704185013,0.6405810772098424,0.34444871837362123,-0.020581523396156255,0.10146932137996012,0.16900423701500247,0.1578621634352184,-9721.440497561625,-4.906799170309419,0.04968543852307821,-5.257917463319055
878,-0.1693661808406366,0.5983745192396526,0.374345159946816,-0.007879657196802338,0.10837419560299968,0.16504238141866392,0.1578621634352184,-9720.082612430004,-5.038853945553002,0.050629312758652775,-5.126077088697158
879,-0.14424995190431972,0.7391811212453173,0.21105150949408122,0.019769931757979434,0.09650532023777893,0.1693155730780771,0.1578621634352184,-9719.608821936934,-5.06001691158955,0.04914352336320078,-4.9653103749919705
880,-0.003805037641182949,0.6660996058013801,0.29076095573811633,0.042488310265104884,0.098216470021044,0.16839305473006344,0.1578621634352184,-9719.766710643851,-5.036315789331221,0.04917568907390073,-5.629066183911721
881,0.0004555212180317585,0.6245199563841599,0.3353468636335253,0.040571602463837175,0.10200941216723197,0.16771709226279774,0.1578621634352184,-9720.799231377197,-5.253801281641022,0.049720603898434294,-5.448837052946328
882,0.0005327093735674677,0.6694809996377462,0.2894011661388438,0.041621982317347664,0.09819142214459037,0.1691191381818712,0.1578621634352184,-9720.924257125444,-5.298258702677706,0.04928012399789484,-5.091560876556128
883,0.0012124973034071873,0.693348433547124,0.2600236426098931,0.04731649193256031,0.09621083018039477,0.16939058547920777,0.1578621634352184,-9720.494017997527,-5.204216443552277,0.04900854958568099,-5.482385296827154
884,-0.0005228842179821459,0.625811184833938,0.323695527020184,0.05076385774725551,0.10609568827711932,0.16356252479012912,0.1578621634352184,-9718.301072760649,-5.304651341073775,0.050344392150776754,-5.5108245533824345
885,0.0035160757809046842,0.6207109976864216,0.32651564619276763,0.05399956639320766,0.10778598674407477,0.16235802018174375,0.1578621634352184,-9718.14005452477,-5.367646186551572,0.05063347061577493,-4.106522932124022
886,0.0015994717494483524,0.6378028273812393,0.3020745495185756,0.060651558258186467,0.1077315731735038,0.1699206823072752,0.1578621634352184,-9727.594516007619,-4.893704279810071,0.051134702732387786,-4.90173812984347
887,0.0007019346842417869,0.6489237110644732,0.29398315648169926,0.05750392912543781,0.10541257727943729,0.1705771111512952,0.1578621634352184,-9726.978803839991,-4.9578037347588415,0.050733598769497,-4.961255807559596
888,-0.0012285852575091398,0.648914839094493,0.2923513797455427,0.058712467341410154,0.10664820998206115,0.16978642019877604,0.1578621634352184,-9726.87340033386,-4.984697298434695,0.05096044514658679,-5.289713290583141
889,-0.16126289381903172,0.6654887156126943,0.2856704396348754,0.015587546141005557,0.10663976126841326,0.16985137290588842,0.1578621634352184,-9725.613640673078,-5.0800044225817444,0.050852713003307376,-4.835409435904987
890,-0.16072839527337573,0.6801079439327318,0.26939203900045505,0.01730779040783586,0.10476891823579851,0.17107438622317742,0.1578621634352184,-9726.020069445543,-4.969180402335922,0.050595197704165824,-5.177666508623332
891,0.0003693549142285092,0.7873417134861633,0.1426569034375912,0.07041913955289472,0.08815934431211975,0.1775001083482493,0.1578621634352184,-9727.457046204487,-5.076710274725056,0.04843792859400069,-5.054800599669095
892,0.0010812228222069347,0.7685335061667764,0.15445606456857378,0.07758878399916413,0.0909751103298141,0.1765159582008236,0.1578621634352184,-9727.349528552308,-5.069717467167412,0.04875442640377106,-5.066479374733168
893,-0.14327281710783873,0.7123501153012487,0.23138899289080134,0.02673522141889069,0.09939864035276144,0.1735525684266141,0.1578621634352184,-9725.925115320175,-5.0495883022081856,0.04974726262467234,-5.181658481164314
894,0.003006724577270998,0.6100606411925255,0.3254952938208385,0.06536350471871781,0.10673547659290342,0.17021682602672006,0.1578621634352184,-9726.177705105787,-5.111255188349682,0.05067598368203565,-4.974697451339865
895,0.0004556630897297328,0.6249191779138373,0.31301954716347713,0.062413769066926625,0.10435367120519354,0.17121909297479462,0.1578621634352184,-9726.102370478971,-5.0602829585763365,0.05029330418915429,-4.738140509761126
896,-0.005344104762191529,0.6636417820013085,0.29834359988576,0.037005427054192366,0.09509803367645098,0.17557773679608135,0.1578621634352184,-9725.977221230458,-4.953826329009823,0.04892900257461098,-4.990688392827331
897,-0.13542789625012153,0.6372144509170694,0.37178982862951615,-0.03719734026035537,0.08579236189730108,0.17833593349215998,0.1578621634352184,-9723.868781043391,-4.964383966473838,0.04708763750141387,-4.808465294164911
898,-0.14329715466210755,0.5982185907445148,0.4138381734309091,-0.0419312147632591,0.08916743412468923,0.17721619711828462,0.1578621634352184,-9724.006543898291,-4.912486911623174,0.047475493867029386,-5.19385893162945
899,0.004133529229742307,0.5448081106176269,0.4296351673559152,0.026439662559257705,0.10296021944254653,0.1722454426880914,0.1578621634352184,-9726.132921605164,-5.033642670067863,0.04982500799796392,-5.375346242814419
900,-5.438607352133277e-05,0.6094764839078541,0.36692656513688493,0.023613353151194904,0.09565465985060867,0.1753879473544548,0.1578621634352184,-9726.34825946533,-5.141471382863327,0.048793222104560136,-5.0745750376384375
901,-0.0008537271102627541,0.9097768968598954,0.0610474544035256,0.02894523133202885,0.06221007778186378,0.1847980990403085,0.1578621634352184,-9725.407067693277,-5.106938760611857,0.045213123334533645,-4.9694012102878125
902,-0.10880161340015046,0.8652905735509241,0.11212847756247457,-0.0001284713149536328,0.06695426950081548,0.18355971893199957,0.1578621634352184,-9724.016352118433,-5.034473903564058,0.045319982441699186,-4.845950622123385
903,-0.12121933186731787,0.8015394974159586,0.1758228746688953,-0.0026827661004679955,0.07437296155076827,0.18177372210732656,0.1578621634352184,-9724.085074042252,-4.9681479390217,0.04601942179278218,-4.602620410181529
904,-0.1266377444769981,0.7566242416298257,0.22945958658264887,-0.01255975369715413,0.07794283209265349,0.1811182020987437,0.1578621634352184,-9724.438015118232,-4.851883144755524,0.04636941857153259,-4.917364512945752
905,-0.1390899997652909,0.6780424402984537,0.3096439715835826,-0.016749861313034284,0.08625481641203805,0.17853409446210305,0.1578621634352184,-9724.330801921184,-4.8921508636960285,0.04725156189961675,-5.051923616737819
906,-0.000302575135580813,0.6561318165080292,0.3063266724004583,0.0374131921784116,0.09243462016212474,0.1765471734515894,0.1578621634352184,-9725.946979428876,-4.968271144872883,0.04836681068557873,-4.785737467517033
907,-0.0005976520885680053,0.864325137643406,0.09729598444090884,0.0381771014515699,0.0686183017873429,0.18389581662221405,0.1578621634352184,-9726.232130034627,-4.907699979663797,0.045813958152101986,-5.047230917279869
908,-0.1479921304955234,0.3792762963776868,0.6913846757814491,-0.10153785830929626,0.08786019877655543,0.17747823017070408,0.1578621634352184,-9724.62964458888,-4.937712486256023,0.04686516028565893,-5.210112335340325
909,0.011636417974325831,0.7283438293274567,0.19512879384147308,0.07889252339386521,0.09094088939465005,0.1765005747634425,0.1578621634352184,-9725.840007264318,-5.054501928422903,0.048381310519447274,-4.94258438970207
910,-0.12485019043142026,0.678781325296365,0.32464338749998317,-0.029453521331568144,0.07953344242565966,0.1798794007243522,0.1578621634352184,-9722.495271237754,-4.982719917321122,0.04616834136229381,-5.244810217893853
911,-0.12598409217485895,0.5647638210306485,0.4697761016282407,-0.060721141106946964,0.08092468697268297,0.1787818613072143,0.1578621634352184,-9721.133967601223,-5.060885143558524,0.046002489872111946,-5.137404200764818
912,-0.13103864324775036,0.6668673460343568,0.3040516735403729,0.002055024614464152,0.09267486208652176,0.17139768402119648,0.1578621634352184,-9718.244046626744,-5.079930580425059,0.04795422667721826,-4.97905093672044
913,-0.13397563628387074,0.6192255234906181,0.3814361619230062,-0.028507243050130582,0.08842855040116496,0.16902611358084407,0.1578621634352184,-9712.415498688693,-5.030455608097321,0.04687595461020554,-5.4851421604461805
914,-0.13114692699468117,0.6062594715741658,0.39322802435784326,-0.02663896612352218,0.0910070747009131,0.1688973010976023,0.1578621634352184,-9713.687289973026,-5.182128061971234,0.047311411244448445,-5.5746050492881105
915,-0.12999673809568218,0.617413557183144,0.37240784430893653,-0.016661797437928158,0.09471513560039724,0.16777522408705514,0.1578621634352184,-9714.696313542914,-5.291856954320378,0.04801339552046368,-5.201043778476315
916,-0.12254988315178739,0.6841195404215679,0.3035764763855364,-0.013053112504636963,0.08711855558981327,0.1706275891379207,0.1578621634352184,-9714.601858655222,-5.224447014142944,0.04704281928073535,-5.368377529924239
917,-0.12026557549576458,0.6729334769640296,0.3200469990132942,-0.017825924990239453,0.08709133564502795,0.1706446842653453,0.1578621634352184,-9714.5271225687,-5.259590959643836,0.047011654849302295,-5.451492701714703
918,0.002145418570736273,0.6175806261838763,0.35113134888451536,0.03199180061072265,0.09485284602421372,0.16773301228078286,0.1578621634352184,-9715.579233368342,-5.327943111760078,0.04816970558572778,-5.436202757965504
919,0.0008342786215885787,0.6014157023832567,0.3631762914801625,0.03591740287942141,0.09868884374542675,0.16566298967847665,0.1578621634352184,-9715.28943962307,-5.349495657489778,0.04874060411465242,-5.4932625978482665
920,-0.12273704861226481,0.6165957990935309,0.37958105263337005,-0.02141873599991792,0.09502484858325469,0.16704813890307557,0.1578621634352184,-9714.17992645234,-5.365408022824733,0.048110917765403105,-5.556150302980686
921,-0.0025100741932587165,0.6119856693664871,0.3545904353211256,0.03330015941951036,0.09940751289431583,0.1648194756735099,0.1578621634352184,-9714.910655060818,-5.426653152847551,0.04892520844434075,-5.367014303445434
922,0.00012270660060873488,0.6103885290926331,0.3591161285312,0.03085595681108086,0.09867329800331558,0.1649934027818319,0.1578621634352184,-9714.721629872041,-5.386659827772827,0.04879606525722637,-4.9279510126242
923,0.0012679948211742546,0.603458717372614,0.3537221547311356,0.04335210919233019,0.10201133887706945,0.16448567832288347,0.1578621634352184,-9716.102325976424,-5.2155344006333895,0.0493659226641208,-4.075362250791122
924,0.00011022589189061476,0.6178630296809204,0.2995832975416416,0.08271703390720622,0.11586677463922254,0.16285199903783903,0.1578621634352184,-9724.182086575282,-4.813712188623017,0.0523976461090807,-4.968359207613464
925,0.0031249144503558562,0.5894889301816204,0.3249850431281152,0.08637839010248907,0.11776410632009662,0.162283886468282,0.1578621634352184,-9724.338203557665,-4.952228226730974,0.052625329761010795,-4.537331370740144
926,0.006530250619993051,0.6086539853461257,0.3192212097295203,0.07350653103570506,0.11519163417686143,0.16395457410464373,0.1578621634352184,-9725.005064527464,-4.819064659749874,0.05230811448560767,-4.674124235729727
927,-0.16494042049497093,0.6440127405118543,0.3038835839993238,0.017808526617079483,0.11135486114466489,0.16544708400399827,0.1578621634352184,-9723.485580254424,-4.774658550453667,0.05152482734710559,-5.091396816446916
928,-0.1580109531924393,0.6479137685921662,0.3008801155654732,0.01841234055640497,0.1089479911106112,0.16728353147316233,0.1578621634352184,-9724.091796936298,-4.9069494413988775,0.05108764244209586,-4.775039866521138
929,-0.16276107578935928,0.6296782262890197,0.3237884957677763,0.012714099313028717,0.11018930232763072,0.16675811696936801,0.1578621634352184,-9724.13955043192,-4.854703089413498,0.051242144344799595,-4.641761328342146
930,-0.1509968957301546,0.7386831284211975,0.21776972964451227,0.012017394768478531,0.0958783703176962,0.17152028901908878,0.1578621634352184,-9722.642370433392,-4.784755317746681,0.04917902097073987,-4.708448268967896
931,-0.15586195179286913,0.7123667221452719,0.24256246693992867,0.012524570429775828,0.09982085762711843,0.16994086233083827,0.1578621634352184,-9722.580904003426,-4.775053896610656,0.049714580439731086,-4.614318606394432
932,-0.16034910220616588,0.7000049698626335,0.25376768065366173,0.012709503400737494,0.10215845702487418,0.16903427701647963,0.1578621634352184,-9722.745649383907,-4.732195749129306,0.05007600111546992,-4.775501423742285
933,-0.0006035110588842579,0.7102665910904162,0.230259032854358,0.05922659797609292,0.10164581422187384,0.16929506806548134,0.1578621634352184,-9724.204201825116,-4.784135155453186,0.05029240167834474,-4.911734802995154
934,0.0002802568300147809,0.9045295437151264,0.030979358281936174,0.06444050659367664,0.07603418671325529,0.17759444636976743,0.1578621634352184,-9723.988102319743,-4.850645442599084,0.04724963442563532,-4.659133077586656
935,-0.12732125776032485,0.8655479942526512,0.0729058737340465,0.034904792332927544,0.08224356288291636,0.1758721393322104,0.1578621634352184,-9722.715868431225,-4.772246762100615,0.047698178728910384,-4.172358842824846
936,-0.1445242521163348,0.7899605576514089,0.15579210151185802,0.02391249269973769,0.09287223571203321,0.1738522261975532,0.1578621634352184,-9724.724281897606,-4.561845792714988,0.04910823638852864,-4.935065135573813
937,-0.14790169322918753,0.73770371118368,0.20809633169470843,0.023237971272467847,0.09691291078167244,0.17343357759293496,0.1578621634352184,-9725.142008160028,-4.7376826348343055,0.049429405455894276,-4.71010730351488
938,-0.1554166171794048,0.6456412633524815,0.32022616603023446,0.001625393094339464,0.1023476409990492,0.17104367824472458,0.1578621634352184,-9724.089200145572,-4.7243309063037255,0.04986614817505664,-4.928475442779232
939,0.0009013090782477674,0.6338564577780442,0.3224796406125444,0.04390398629234028,0.10155939395923994,0.16848574934310173,0.1578621634352184,-9721.36391129591,-4.8122833408572125,0.04969865873746088,-4.870104949410627
940,-0.14937068762778422,0.6301062316691868,0.34966781483117937,-0.010834271815434875,0.09955643147529487,0.16926374796372756,0.1578621634352184,-9719.824490054545,-4.81128083046491,0.04913999318626279,-4.048733713309598
941,-0.15181370252697335,0.6319714564495178,0.35818389961335234,-0.021832194502163296,0.09901357145996964,0.17206420635102324,0.1578621634352184,-9723.339827659323,-4.5437046732041955,0.0493049734386818,-4.631619588199685
942,0.0005466348369693021,0.5927755588208423,0.3722316696122656,0.03498733478465128,0.10764554655458253,0.16794887626647226,0.1578621634352184,-9724.260904223322,-4.627604664484691,0.050858145544520464,-4.483269099719111
943,-0.15487386741501508,0.6008516822110527,0.39356164769812585,-0.026810251376079945,0.10126087852304962,0.1707778203096511,0.1578621634352184,-9722.767763374004,-4.5826702016695045,0.049549701241264635,-4.942868457384817
944,-0.156993893276466,0.6023821875596349,0.38165528721371567,-0.016760432421965676,0.10340268946606301,0.1702714988676555,0.1578621634352184,-9723.288990062396,-4.720575642688298,0.04991146268319153,-4.825048910121317
945,-0.16006785131442008,0.5971653664255726,0.3813985896045973,-0.011955787870121255,0.10575411375939753,0.16890366530077927,0.1578621634352184,-9722.954363479936,-4.741480519024599,0.05028556888450514,-4.750090567829826
946,-0.0002499794581403836,0.5948759412334372,0.36162638893294563,0.043365326204167526,0.10902696421261296,0.16740808281548303,0.1578621634352184,-9724.446393903481,-4.7476951825490366,0.05109400274993828,-4.970377550502711
947,0.0007258599612377425,0.5937547110403854,0.3614235347004766,0.044957227194219504,0.10872764106470764,0.16771524038654861,0.1578621634352184,-9724.674996227495,-4.8300107615703745,0.05102597377875505,-4.3990558870898475
948,0.00036889785513569004,0.6074114952547951,0.3548663534924662,0.03773831662639694,0.10550182529835068,0.17018079329010904,0.1578621634352184,-9725.737714687877,-4.671499727227819,0.0505648768163569,-4.2078346671293785
949,-0.00792877942522216,0.66074937676514,0.31161589066160084,0.02584303410328012,0.09884030456709104,0.17400822757932277,0.1578621634352184,-9726.910622089237,-4.5271387039724456,0.04974099999511541,-4.496601012372032
950,-0.16864779700885343,0.5729669546172902,0.39536972620588096,-0.0035385087427473455,0.11420931372382359,0.16584291967370068,0.1578621634352184,-9724.721281955948,-4.552021795077565,0.0518804600373062,-4.683481760284914
951,-0.16718161580047075,0.5731538640286371,0.39822500580116305,-0.006274876826842399,0.1128743567016505,0.1666359428934219,0.1578621634352184,-9724.82955190888,-4.614194693488434,0.051626317691595036,-5.027601480469977
952,-0.0006888003671351602,0.5764307943077769,0.3680333986553924,0.05539834212306831,0.11568978249967751,0.16608322718400395,0.1578621634352184,-9727.455392842332,-4.760800537327316,0.05242208683725514,-4.376332839722916
953,-0.13955749157779504,0.7672735818472276,0.14737293303124754,0.0563917047386325,0.09790345955739121,0.17255594039338318,0.1578621634352184,-9725.42828867261,-4.615641271765526,0.04971150018156108,-5.067213064937951
954,0.0024435710320695843,0.6642195118249861,0.2812543985901311,0.055064970394202245,0.09938755192204457,0.17231748968553462,0.1578621634352184,-9724.987233677537,-4.789614523831209,0.049585813575212065,-5.025991837036128
955,-0.0011848018660862982,0.6329339614951892,0.3330684833379647,0.03374326222920011,0.09867880898445199,0.17256741083229163,0.1578621634352184,-9724.33252745219,-4.855595128901726,0.04935873056651423,-4.795924004551223
956,-0.13720981886839778,0.6132159862641977,0.4101791725468855,-0.052062438904724284,0.08509760754918907,0.17727394080400222,0.1578621634352184,-9721.575777613521,-4.811563835434505,0.046894181384806916,-5.261129196808095
957,-0.09514485155432342,0.7604802680384589,0.2596225706659589,-0.03997854607254314,0.06903217413796091,0.1818504358882107,0.1578621634352184,-9722.277622871685,-4.95301941824155,0.04521017798881054,-5.006836954470014
958,-0.1476111971625923,0.6004604717787829,0.4141105898352695,-0.045332277508109475,0.09139495521815325,0.1747056788224634,0.1578621634352184,-9721.859782719312,-4.951434289486423,0.04784248851533138,-5.304277353856322
959,-0.15641748827209523,0.6191588496181437,0.38935932648415783,-0.041124377049627084,0.09235943073731724,0.17370762623378716,0.1578621634352184,-9721.264764924896,-5.058108637105603,0.048041974282906026,-4.9542280887358
960,0.00624176572468742,0.5709174968435644,0.41055297924548734,0.019704180770110505,0.10400326085015359,0.16942996949179587,0.1578621634352184,-9723.27612924106,-4.997301075056246,0.05012518043035345,-4.991137493925703
961,-0.1416470748729618,0.7378628646868877,0.2593416351684653,-0.02680775134512698,0.08078056386484903,0.17754579178266047,0.1578621634352184,-9721.140762942863,-4.986380513076692,0.04669382497625411,-4.897955130052336
962,-0.14849935841999398,0.6539218025349534,0.35208497785998283,-0.03701575208506823,0.08762775174680007,0.1750014750732098,0.1578621634352184,-9720.423009745855,-4.951260155259363,0.04735163493795594,-4.737491198169394
963,-0.1502756625668462,0.6215654904093604,0.3849915860235054,-0.03794868401569634,0.09078298186171105,0.17398243131698052,0.1578621634352184,-9720.535038675003,-4.8788155477807145,0.047718915251366775,-4.749516886141176
964,-0.15069152513515455,0.6195230821089239,0.3849039149037493,-0.03592239527417655,0.09170171201074073,0.17368847122960654,0.1578621634352184,-9720.693353208397,-4.841153484462339,0.04785692552060234,-5.001745893201228
965,-0.1516342462697013,0.6052711111710956,0.40248701593573133,-0.039411657852253465,0.09245636102111088,0.1735491671933901,0.1578621634352184,-9720.90173241387,-4.902743671751557,0.04794808074487361,-4.835454688062712
966,-0.14538524543750636,0.7245927733922897,0.2628580899043631,-0.017888417389858854,0.08487122458396629,0.1753637331960358,0.1578621634352184,-9720.119661169643,-4.871274386308936,0.04716883269838398,-5.14640990134084
967,-0.1412750202553149,0.7042464827519022,0.2920121116244061,-0.025764407592505506,0.08446669447065974,0.17584995125241268,0.1578621634352184,-9720.200170409229,-4.964849922790874,0.04704182722393635,-5.053992349039725
968,-0.14225158037536037,0.6560034631929303,0.34866137128689334,-0.03432073408633701,0.08745187780981012,0.174624654293224,0.1578621634352184,-9719.73209458873,-4.981481516811406,0.04729836962512482,-5.038282815859472
969,-0.0672221290429472,0.8899999419797983,0.12315188503689653,-0.027152392656126498,0.055634231918526816,0.18316674256910986,0.1578621634352184,-9719.967047274573,-4.9917226275817885,0.04399798323329243,-4.976719604220777
970,0.005229029663815733,0.6073158016577482,0.359418553346061,0.03428946239351367,0.10170491760088332,0.1687727851812506,0.1578621634352184,-9721.119176024673,-4.979262861951569,0.04966209775920055,-4.53522014854806
971,-0.14408532562712484,0.6189635679124683,0.3810284836667789,-0.030032194037604255,0.09301151804723992,0.17218094394194083,0.1578621634352184,-9719.319148669048,-4.822931343619935,0.0480021231398396,-5.025503888704598
972,-0.1415758378875891,0.6383457601998694,0.3633340292595698,-0.03118818064127333,0.09010986051828238,0.173534070747244,0.1578621634352184,-9719.509906637804,-4.909331149852902,0.04762442420698916,-5.065492536450083
973,-0.1418997811176006,0.62311723728554,0.38033002064608123,-0.03297766685986658,0.0915053212272953,0.17305108258137214,0.1578621634352184,-9719.560897160016,-4.9572975402764,0.04780204395399407,-5.214583186960554
974,-0.14516991450901723,0.6010388102864012,0.4051502107371908,-0.036369682212313154,0.0937685172065737,0.1722074606177243,0.1578621634352184,-9719.828445476367,-5.031265034780617,0.048112111307125935,-5.157394747735897
975,-0.14273618993901188,0.5966823590742725,0.4082849380632635,-0.03458098980378707,0.09481528389204052,0.1715940806071623,0.1578621634352184,-9719.65775426589,-5.053893378817676,0.04826238639168237,-5.2052029349312985
976,-4.621111457928871e-05,0.5730949633713773,0.39861173800091526,0.028386853593404544,0.10410917133243563,0.16746741876050117,0.1578621634352184,-9721.016390272518,-5.100645983485196,0.0499383572246973,-5.213789491775609
977,-0.00025727012087381344,0.6048993976022998,0.3739241590677216,0.021277068265359605,0.09890340703378975,0.16931055682755447,0.1578621634352184,-9720.81140066886,-5.128188535341619,0.04914426298166197,-4.661474066989873
978,-0.001038835849284749,0.7770755043416542,0.17512821087441083,0.047518368559507446,0.08609182391560322,0.17264933806927052,0.1578621634352184,-9719.156974865109,-4.944948737055518,0.047746380626318106,-4.986643901216662
979,-0.14112126166472447,0.728706913392628,0.24976449167055953,-0.007896103155032759,0.08788163391788739,0.17212510580395907,0.1578621634352184,-9717.472790156762,-4.967854842498027,0.04755942243060207,-5.0592586583235715
980,-0.13690426443461606,0.6737139863337704,0.3291891269786459,-0.03139582644359443,0.08623100491768734,0.1726799301171324,0.1578621634352184,-9716.643013944697,-5.001884245220218,0.0470540266908267,-5.0693299389538735
981,-0.1291992407832778,0.6453537477194164,0.3735088156239849,-0.04569044916454355,0.08321908935969322,0.1734550801564598,0.1578621634352184,-9715.693957912077,-5.0183590885885465,0.0464747768251016,-4.785474273468634
982,0.0018505749401451753,0.5948548872777757,0.38900339693602104,0.016661345259824,0.0936186103848182,0.16881409509412462,0.1578621634352184,-9716.149710336877,-4.937110096484546,0.04796094352599622,-4.898863523130633
983,-0.13347460903802924,0.6040083657107613,0.4115075732331913,-0.043213986494632976,0.08858978029422374,0.17068959504783943,0.1578621634352184,-9714.586587089798,-4.927993163000293,0.04707443755501607,-4.947318783001407
984,-0.1349479289545713,0.5947103742694915,0.4224042911987972,-0.04512649560251944,0.08923744477875098,0.17041817166875806,0.1578621634352184,-9714.589749635887,-4.938601340742812,0.04714951651511573,-4.882917031535461
985,0.00023326890245475948,0.6375952348642413,0.33381456990246094,0.02882437375318441,0.09185048647829072,0.16837492511360158,0.1578621634352184,-9714.942147184278,-4.927505968932576,0.047717623392810396,-4.546338462549108
986,0.0011993917724532378,0.6148497441299108,0.36228163527327606,0.023174032927078134,0.09480915070577198,0.1674611100435077,0.1578621634352184,-9715.267882739166,-4.79772924495435,0.048195527736622695,-5.051070254820207
987,0.0019202806844340983,0.5905227528528032,0.3896485990793118,0.02032259499489558,0.09573419028245361,0.16745046387061274,0.1578621634352184,-9715.722161078334,-4.908980711834569,0.04827139635580875,-4.731160004455747
988,0.0012698349948481612,0.6230730253997393,0.3523236981503771,0.024968303111069075,0.09309392152401852,0.16858860876418985,0.1578621634352184,-9715.783500160505,-4.845709984676483,0.04793420300051469,-4.8266471808281155
989,-0.12211544556789433,0.6862042775027329,0.3075673289537681,-0.01908302632217245,0.08539678708044622,0.17142721948909506,0.1578621634352184,-9714.31734478654,-4.83900446169437,0.046815789398887586,-5.272748142733483
990,0.0006406358941669478,0.6371910709521524,0.33855469971850977,0.024542021599572895,0.09098963748399005,0.17008695852636435,0.1578621634352184,-9716.573149769993,-5.00054678529325,0.04767458568951079,-4.934040892586819
991,-0.13476505990681337,0.5856507680364454,0.4338920381815924,-0.0475246155169908,0.0891854785834956,0.17049091216630957,0.1578621634352184,-9714.640365933477,-4.949041904936137,0.04711429244006446,-5.5086710703069155
992,0.0016212268645413156,0.6088291322382227,0.3479287436481826,0.043861587380102415,0.10017267686316395,0.16618217911021096,0.1578621634352184,-9717.191034580732,-5.150070521373206,0.04908443688063352,-5.35717327440117
993,0.00045721622056881563,0.6225841316712066,0.3519738966443888,0.0256803397618465,0.09934111852172413,0.16445529591553198,0.1578621634352184,-9714.74417410773,-5.193937639431648,0.04904009259614554,-5.510893883166277
994,-0.00224261790930652,0.6646361603347178,0.29813436233185525,0.037045143224595796,0.09819659774503625,0.16425735053842627,0.1578621634352184,-9714.369309016298,-5.286725723146191,0.04897258086313519,-5.419397853768414
995,-0.0013873861384830011,0.62599235429484,0.3429407419730699,0.031032860548552615,0.1034007528938665,0.16162247641842903,0.1578621634352184,-9714.114970909588,-5.305095674466493,0.049762943738558954,-5.2902338427447075
996,-0.003937668392072871,0.6832835352937021,0.28906179383346786,0.027104094113096742,0.09431183402598167,0.16539122232815973,0.1578621634352184,-9713.937153077197,-5.278418479594772,0.048412281239688056,-5.1646694592289695
997,-0.13868522375133713,0.6310698964159327,0.3710333611927966,-0.030731713345024017,0.09585495117524521,0.16440237832763555,0.1578621634352184,-9711.889986124528,-5.216302152564448,0.04829178321986014,-5.414862017464481
998,0.0004362702498143629,0.646348481326205,0.3265045551589746,0.027395559911479288,0.10187993753768494,0.16168592934401532,0.1578621634352184,-9713.287731963797,-5.291696536640458,0.049612486184905824,-5.15743268133274
999,-0.0006598529785511178,0.6384443122404577,0.3337315780727952,0.027858529139151877,0.10206758037163474,0.1615499806063021,0.1578621634352184,-9713.178671981705,-5.225704420336791,0.04957609433526501,-4.631311055579898
1000,-0.15816850555895223,0.6455111885222126,0.3395589732243093,-0.01791326649349444,0.10040423982685599,0.1636361677278313,0.1578621634352184,-9713.828910198185,-4.994646350261041,0.049173036509617046,-4.83769934945437
1001,-0.15512358352406963,0.6308938857085146,0.348859765271179,-0.011919404758222406,0.10344177577593171,0.16193796766269397,0.1578621634352184,-9713.4510236786,-4.962768540947392,0.0496079747435573,-5.476708280015507
1002,0.0002508868448829642,0.6040551429920222,0.3533612941651171,0.042790142899017544,0.10979676370102735,0.16052916161442127,0.1578621634352184,-9716.611581423042,-5.177749511466691,0.05095152756508126,-4.994199975254124
1003,-0.1508473280123747,0.5846954250421359,0.40918712223919673,-0.02506580500542413,0.1036531204312017,0.1635522602972826,0.1578621634352184,-9715.22235653118,-5.074083287200855,0.04956801179981732,-5.044385986003937
1004,-0.14603993562787518,0.6547638822836274,0.3337549116460322,-0.018762490101353953,0.09749869502619958,0.16613447683272503,0.1578621634352184,-9715.158739081584,-5.057358912366741,0.048783742604596295,-4.984605750220132
1005,0.0008669990692003712,0.5464905388915968,0.4066877082154835,0.04720604716766941,0.1152738221551425,0.15663126017676038,0.1578621634352184,-9715.262485817364,-5.046657830058004,0.051663732164876144,-5.3615733534577465
1006,-0.0031281693016204726,0.5644226595446473,0.4029840659155113,0.03216738978347346,0.10916372135361335,0.16022571753175727,0.1578621634352184,-9715.714830920246,-5.170536972645793,0.050598682133867506,-4.864317706520229
1007,-0.0023657085987432123,0.7163953346097902,0.23001098134379233,0.05340138207373457,0.0924417129096342,0.166260102682188,0.1578621634352184,-9714.158610727412,-5.045125179229053,0.04811087916527623,-5.073338420902342
1008,-0.0002468222643209928,0.6407279113192268,0.3178272528467235,0.04164140779246308,0.10008501464930214,0.1629259980674969,0.1578621634352184,-9713.575736177687,-5.065329187466228,0.049104968521507295,-5.077972694500169
1009,-0.13364993017167193,0.6177629993737521,0.3815358080869678,-0.02685307564426144,0.09587202278739196,0.16467322545032745,0.1578621634352184,-9711.944036517445,-5.05819941517143,0.048187589706426184,-5.0578835440085745
1010,-0.1432469439303095,0.6164267886295316,0.3877584242633234,-0.033812316728834405,0.09613449030445294,0.16418753384706158,0.1578621634352184,-9711.432310153503,-5.05286709647579,0.04825226001575472,-5.531393230836631
1011,-0.07489560756035853,0.7758828456561981,0.2488751622520856,-0.04015528438356709,0.06742813019759446,0.17519305008144817,0.1578621634352184,-9713.177261066743,-5.214171232884702,0.04476981608232516,-5.228046777213459
1012,-0.0013892272283986473,0.5919740812750527,0.37014834361391313,0.037886589848304446,0.10722480879175904,0.15934787823154178,0.1578621634352184,-9713.258487091933,-5.207452789275872,0.05022578668887756,-5.269798630573209
1013,-0.14368095946333143,0.5702139397335523,0.4272595360814939,-0.02702631900448259,0.10477040834550475,0.16033751075239658,0.1578621634352184,-9711.860605993217,-5.20355148213284,0.04959435899823101,-5.482442612041034
1014,-0.005080662926621451,0.6275203722666762,0.3515585785139733,0.020147418216064483,0.10008266657267656,0.1628809694494491,0.1578621634352184,-9713.593640618328,-5.307544762758953,0.04917486995292251,-5.456631114105951
1015,-4.2726679937078446e-05,0.6120963662493066,0.36246315663718054,0.025771545037583287,0.10421755782197487,0.1606503097510699,0.1578621634352184,-9713.609252846754,-5.346034740126271,0.0498522347843148,-5.417197331951742
1016,-0.10821472450460154,0.4463454599089245,0.7489497335827264,-0.21770769200379575,-1.0684918303411733e-08,0.18325351633713782,0.1578621634352184,-9710.873933454846,-5.28780750690761,0.03779697321806022,-5.570000226831197
1017,-0.13676209970771303,0.7057383383113318,0.2759692985449058,-0.0097966539029321,0.098922134306487,0.16225308554098755,0.1578621634352184,-9712.004780852221,-5.401593949472889,0.049269713291114015,-5.331954390930609
1018,0.0014997244714846552,0.09116527260459206,1.114256189686715,-0.20464246980843406,0.04197740653017164,0.17739837204178094,0.1578621634352184,-9710.92325460697,-5.3659634727589935,0.0408371858375605,-5.177480323896122
1019,0.001891514363667728,-0.21525982922018005,1.4598044201520493,-0.24351794293843723,0.03242979944361232,0.1773080852199757,0.1578621634352184,-9709.260548238502,-5.300281048649997,0.03985117518139419,-5.137527905932248
1020,0.0005053617364049708,0.6328627317230859,0.47050798151380935,-0.10293621858387003,0.031371338471815224,0.17907818517516783,0.1578621634352184,-9708.186360194944,-5.256664575733213,0.04017931386291128,-5.364641492771954
1021,-0.0006165207149049965,0.5133303087399126,0.4690325738109402,0.018004627564306805,0.10603055520648591,0.15632488453643095,0.1578621634352184,-9708.553214437563,-5.296341506008312,0.04952596964399304,-5.386726529766229
1022,0.0023896692861483195,0.8172408987281543,0.2497802171441602,-0.06620672019262672,0.028954173015181772,0.17809144035272365,0.1578621634352184,-9706.736781437372,-5.326314835547058,0.040246668082162915,-4.855218209174314
1023,0.00026501442814039493,0.49402009355201565,0.4712029686560487,0.035231924569360876,0.1195773498658804,0.14657916770599938,0.1578621634352184,-9706.34998740225,-5.139382386244126,0.05201480867752489,-4.921977642445949
1024,-0.04837504957748233,0.7340289129317228,0.37295601605772793,-0.11669883410454984,-0.014216631952575193,0.17855931047525742,0.1578621634352184,-9702.356831930263,-5.095474535318624,0.03839574744125685,-5.450816695231187
1025,0.0004825117686397504,0.505830950336193,0.6155189046807832,-0.12086834434974321,0.036037109398504234,0.17706896768517083,0.1578621634352184,-9706.545075862283,-5.23958211980433,0.04032472653617041,-5.313967635870962
1026,-0.08440562073198236,0.22457938293411792,0.9689591612942454,-0.21046033100793998,0.024894832445792225,0.17820504459009828,0.1578621634352184,-9703.105606318866,-5.229928057589054,0.03879834824441775,-4.830856378770603
1027,0.00086778318073829,0.235401514099721,0.9189806202456117,-0.15370295780930776,0.04481430279698864,0.17609673533544773,0.1578621634352184,-9707.536552568416,-5.12922855231547,0.040877139152234246,-4.570319430319003
1028,-0.0004163108009009173,0.7442615893892415,0.33143394421878414,-0.07548650188457115,0.031033688537417926,0.1793367688147571,0.1578621634352184,-9708.574982211025,-4.975971601233068,0.04026644730199529,-5.276702809357105
1029,-0.06613631790587823,0.5492363239198723,0.5799993892867521,-0.14249609983888428,0.01844525034986105,0.1815675529229736,0.1578621634352184,-9705.92677049359,-5.07933081515265,0.03858949385159777,-5.383378790143897
1030,-0.0006005465250067804,0.475367292744075,0.628093102427201,-0.10308774074895219,0.042155586296388034,0.17834132851746842,0.1578621634352184,-9708.82463684098,-5.192220413497605,0.04077680850167649,-5.117824773350336
1031,-0.019952469010734882,1.3236937120942236,-0.3443262636372879,0.0166998082506237,-0.0032528110644182272,0.18033617007262098,0.1578621634352184,-9700.559456563735,-5.141922970252551,0.03786751604286288,-5.051072268752703
1032,0.004747831990691481,0.29720520592815364,0.8045649139125467,-0.1001158357984766,0.058833803282648645,0.17358208035356082,0.1578621634352184,-9707.890279766698,-5.133210966876108,0.042262093576736506,-5.136505407696114
1033,0.004461126865757638,0.29343788449126595,0.7975433137177887,-0.08931975268192192,0.06308046067943474,0.17210885841059598,0.1578621634352184,-9707.566271268197,-5.147854008810616,0.04270558387104467,-5.264774633974108
1034,0.0009275447690716969,1.2934024136724465,-0.32907557470772775,0.0361530354026602,0.011618434013553034,0.1796680748187862,0.1578621634352184,-9701.734182209846,-5.193642027898344,0.03934169204754587,-5.353252898095062
1035,0.0016590484141059444,1.2752274974975881,-0.3151772683560097,0.04062663798931665,0.012842998852988648,0.1793549309314733,0.1578621634352184,-9701.219138160282,-5.247016061295265,0.039364397647668484,-5.339931550733766
1036,0.002217359727559603,0.28246385500855165,0.780382156506999,-0.06141354319857042,0.07004945570494159,0.16901279624653506,0.1578621634352184,-9707.318521847461,-5.26208953166412,0.043379371718358,-5.505353694102915
1037,0.0024660707987028503,1.2076143411722522,-0.2555172672457518,0.04888925165625649,-0.017646017316799198,0.1767516547466102,0.1578621634352184,-9698.77258604671,-5.3450724007772985,0.03945945689977338,-5.655181533883987
1038,0.0033694129669413694,1.1699789275649133,-0.2228976383088938,0.05417450813724674,-0.0208835676933999,0.17662087214768857,0.1578621634352184,-9699.65774094114,-5.431610658694297,0.03966430640614191,-5.268572442450279
1039,0.003461430776452775,1.079120895134014,-0.1421801726254544,0.0645057860192691,-0.028180832653435274,0.1748826416753984,0.1578621634352184,-9699.303886799324,-5.363076760007377,0.03996832479779437,-5.303489495015164
1040,0.0026056271880430643,1.0794470970818504,-0.1413598174601581,0.06314402090765263,0.026614954544315554,0.17466306705059775,0.1578621634352184,-9698.216745301566,-5.338615341160372,0.03972599926600274,-4.965690391274816
1041,0.0017701876148000883,0.9992493313201435,-0.06860121399735658,0.07051329321145358,0.03212430221250142,0.17446667863434212,0.1578621634352184,-9699.733793606743,-5.2199242892154345,0.03995898048631365,-5.201147505716986
1042,0.0021215053050553873,0.9982879509971048,-0.05260752365032394,0.05545690431788523,0.030215686107988658,0.17442436066172323,0.1578621634352184,-9698.138103780066,-5.228611356807899,0.039776941932811796,-5.059929406649263
1043,-0.05731164544723509,0.9449921221684384,0.03798958728599237,0.005849019091276433,5.273950425280022e-08,0.1766044406136876,0.1578621634352184,-9694.649626896733,-5.162807155425362,0.03750483437029732,-5.251088190562301
1044,-0.037182871090979785,1.1012777343712492,-0.11163371578661585,0.0031109547912739214,-2.439153788098235e-08,0.17505584173793864,0.1578621634352184,-9690.810297730688,-5.192579513667236,0.037439288884366546,-5.308565385494806
1045,3.985446169245523e-05,1.1467040845268772,-0.19391490151498536,0.04768966277592189,0.0011597295530468704,0.1744279226728786,0.1578621634352184,-9692.5668181274,-5.258822284229969,0.037494304170252124,-5.179935648114098
1046,0.0017755910534169245,1.1043947697054572,-0.16120870284006728,0.05773240111986503,0.0006284460188576138,0.17435926881868824,0.1578621634352184,-9693.049255255208,-5.24072070628913,0.03749818934623624,-4.891164234732465
1047,0.0028261845797608303,1.0163359368531109,-0.06005376147030768,0.04486058200507803,0.026787739607524473,0.1726966427510203,0.1578621634352184,-9694.029195530693,-5.1330111400950855,0.03940604302258707,-5.434259464475792
1048,0.0020517474409132777,0.9903169091533992,-0.02121488980032419,0.03187677800558121,0.026515550634491944,0.17348820138012966,0.1578621634352184,-9694.56509054838,-5.244486915661813,0.03937201839649877,-5.226229073111499
1049,0.002068598650723943,1.0598183586914,-0.07764860928273573,0.018681463237705698,-0.02122251499240721,0.1733835170341554,0.1578621634352184,-9692.955161922788,-5.238359543296501,0.03914236003456607,-5.164350048022798
1050,0.002100225520962732,1.0563742689110125,-0.07290237066157866,0.017379659233316726,0.02163433815572744,0.17333949343977118,0.1578621634352184,-9692.991629889759,-5.218604003169329,0.039189327625745854,-5.1677902042526584
1051,0.002089225269372842,1.0656266421809728,-0.08073461238062399,0.015939012537707242,-0.020716945016706415,0.17334689874939335,0.1578621634352184,-9692.865637170586,-5.209467236323709,0.03913188084685117,-4.623752328501116
1052,0.0021052273686251307,1.0269786667500207,-0.039668344214591464,0.01352237120755433,0.024189806053548646,0.17453211642499697,0.1578621634352184,-9695.510647615329,-5.036691364828704,0.0394676196941668,-5.245280768950301
1053,-0.052100347594075044,0.990841197231642,0.021798666872037395,-0.022902378773963075,-0.01033646952567166,0.1759953793261959,0.1578621634352184,-9692.39887429757,-5.106684966703231,0.03784598386828392,-5.212057039625727
1054,-0.05352547121180133,0.9761927764694076,0.040121433340381873,-0.02686070381941917,-0.011113827519857303,0.1760191176550453,0.1578621634352184,-9692.35128576556,-5.138476584647703,0.03789371381801177,-5.409597306202295
1055,-0.12476212851753257,0.306233286888136,0.8253969057195127,-0.1564677472820809,0.03066917200881935,0.17193606367278763,0.1578621634352184,-9690.763605990376,-5.208584432977293,0.03871987364535228,-5.550129593387583
1056,-0.03733950403817965,1.1212350805207172,-0.12257543745794966,-0.005964731698207774,-0.006976279654133725,0.17434531404539325,0.1578621634352184,-9690.038840536203,-5.2972773989110085,0.03767252930198076,-5.518841461757889
1057,0.0034590833208660724,1.0149403537719701,-0.03237812148122389,0.018625587853335804,-0.023859772686635403,0.17278665310782262,0.1578621634352184,-9693.53433622403,-5.378705478964341,0.0392465905101995,-5.208628387583356
1058,0.0022130398489867073,1.0025984625564295,-0.016047889650892638,0.014364160506352308,-0.023177061303611288,0.17319811034948085,0.1578621634352184,-9693.422657830002,-5.311988661026921,0.03914847059904989,-4.9966962271692
1059,0.0016871867471260008,0.9510343568458324,0.038396873637061096,0.011395765689045977,0.026241684639779495,0.17325550002597684,0.1578621634352184,-9694.09336317336,-5.214658142933797,0.03931317388671354,-4.630095097240555
1060,0.0017623492632277615,1.2852456052574999,-0.32278457355975,0.03814697724861918,0.006977677457827618,0.174250518403441,0.1578621634352184,-9692.358395238363,-5.062674962221206,0.03813698645945232,-5.643368830505518
1061,0.002445816060076261,1.2695779949638366,-0.31351805373583397,0.044748598624083064,0.0001920299314509825,0.1766861359331905,0.1578621634352184,-9694.73500486105,-5.26924324254278,0.03763071438088192,-5.676105088913434
1062,-0.0006549789181162881,1.2573960767332213,-0.3025273993972809,0.04532423885741536,-1.5967547227998306e-05,0.17768938908990217,0.1578621634352184,-9695.279327385013,-5.376905344775966,0.03761627297453304,-5.539290172607496
1063,0.0021707047885834024,1.2376451333865206,-0.2901510495985008,0.053327615406190604,0.00021209456342203973,0.17691017243978252,0.1578621634352184,-9695.066378005762,-5.408717436005232,0.037621395277787545,-5.293030858977814
1064,0.0024854765903197552,1.2159393140836645,-0.27603839822925336,0.06102467950466056,6.647930405491393e-06,0.17633916891780715,0.1578621634352184,-9694.176811876778,-5.360980587678986,0.037592324993570965,-5.2958973514528225
1065,0.0020190215637027847,1.1879294903199915,-0.25546868269233647,0.06841894470346765,0.0001291851922718603,0.17618505601277368,0.1578621634352184,-9693.890939581242,-5.338694817229473,0.03757326988591057,-5.338199869795977
1066,0.0014470889709390275,1.14480636689576,-0.22202400576474124,0.07806219900782319,7.444102985632828e-05,0.17611788041698262,0.1578621634352184,-9693.834866035451,-5.3389129743755515,0.037559574918817125,-4.870395136446511
1067,-0.0632679500180181,1.0374768397339862,-0.11491051041234779,0.06519860382338716,3.899462423690908e-08,0.17488479637076534,0.1578621634352184,-9692.102046838503,-5.175210524411869,0.03743205377413829,-4.486140788624466
1068,-0.05779381279598033,1.0505878269921989,-0.11224736531987721,0.05041622520703613,3.0361385312775555e-07,0.17607834460846844,0.1578621634352184,-9693.935237873686,-4.99439202237977,0.03748256181164437,-5.0809933606452224
1069,0.00231351254824666,1.0433824508177536,-0.13267635081968637,0.09036641765195423,0.00020554379982681451,0.17614983616508115,0.1578621634352184,-9695.37998733809,-5.081907327736018,0.03755893088744115,-4.423325949651265
1070,0.006818315517080122,1.0370150976295918,-0.12241501762926893,0.08733398787950947,0.0002441908718954195,0.17722129601091233,0.1578621634352184,-9697.97067898575,-4.920861219016404,0.03764042117991691,-4.826719934671635
1071,0.00275148061792514,0.995831384491914,-0.07444425112065496,0.07972422897623552,0.0010595250887932978,0.1773228541287841,0.1578621634352184,-9698.084589219694,-4.939706419453148,0.037615499051913366,-4.804209223446815
1072,-0.0962250705796983,0.9251471607021537,0.11007252257311068,-0.05447318107679417,-0.019293339751956087,0.17654830626021562,0.1578621634352184,-9695.214083559502,-4.886375813178083,0.03862607576496761,-4.826896924190637
1073,-0.13044763002515852,0.9021749766291662,0.16606255740689074,-0.0946310428771936,0.0027008650665547875,0.17663601082329694,0.1578621634352184,-9692.72502348087,-4.8940118458993265,0.037544962094618044,-4.81767962972445
1074,-0.1183788477856414,0.986686995118915,0.06997806447806285,-0.08066031792589849,9.188822095045166e-08,0.17583129684181315,0.1578621634352184,-9691.158492447228,-4.888890830547045,0.03747210549231425,-5.5019446948517166
1075,0.0019156431552079865,1.1228393198216018,-0.13625399730339122,0.014046933996264648,-0.012161415426645748,0.17733745798358497,0.1578621634352184,-9697.817827721257,-5.110123128946676,0.038517552644896064,-5.300558261505588
1076,-0.10847360978969292,1.045744764350316,-0.00017702444969327596,-0.06747874886802277,3.452664341509397e-08,0.1777361978067144,0.1578621634352184,-9693.941903041172,-5.120530171993284,0.03755276843289157,-5.128858752240288
1077,-0.11799008180158474,1.012827798027625,0.0367288093180353,-0.07337305501299757,5.6156553147635974e-08,0.17777469930173878,0.1578621634352184,-9694.052772310746,-5.10575429688103,0.03755439908978443,-5.44357174169406
1078,0.001222036162106323,1.0727873511897181,-0.09780520546675497,0.02560991929206328,0.00021153637638083214,0.17798539535224034,0.1578621634352184,-9698.369281544281,-5.234613257908246,0.03765138959957224,-5.110327595001323
1079,0.0019823558079371363,1.02133048606055,-0.041641076671798186,0.021069557171317706,0.016797842655692875,0.17725901438504427,0.1578621634352184,-9698.71849279872,-5.185932007028014,0.038642131452704453,-5.205380108485975
1080,0.0006860786101010113,0.9531082702421636,0.01852667937229001,0.02895852644623856,5.8995549929484505e-05,0.17803499982029702,0.1578621634352184,-9698.62542988287,-5.196934551778067,0.03764148038067973,-4.589683220764148
1081,0.0026047793456094115,0.999480831736705,-0.0035177192744197043,0.004852683852417166,0.019920403210822807,0.17789492800639123,0.1578621634352184,-9700.043745472167,-5.011965523544249,0.039064019356469935,-4.841575297687254
1082,0.003441205191915253,0.8503582560509775,0.14962372723228756,0.001079773309360826,0.029679931956592364,0.17642265745264651,0.1578621634352184,-9700.168396213356,-4.9836723139438135,0.03956743997028575,-5.263627637653906
1083,0.005000520299949768,0.24755675135502742,0.7922162966751852,-0.03806824863548637,0.0016085356314326036,0.17746043143314227,0.1578621634352184,-9699.04122295306,-5.101184981540401,0.03765225735140793,-4.884880520810804
1084,0.0025045049813703906,1.2059983259562013,-0.23996799546586617,0.03472585740378406,0.00023754951581313256,0.17768693727166815,0.1578621634352184,-9698.03782863745,-5.049071098503961,0.0376658832527243,-5.41772522284959
1085,0.0015402237448791218,1.1767207098050783,-0.21262699317882916,0.036507249161355504,0.0002520293512578909,0.17846574791145176,0.1578621634352184,-9698.849090672036,-5.169857743295719,0.037677340742386205,-5.006284709663492
1086,-0.0005997351969101148,1.1566689342883167,-0.19401224826415422,0.03752831253857482,1.9189572881946615e-05,0.17865734369456582,0.1578621634352184,-9698.854883658243,-5.120018723824424,0.037655043547915906,-5.341452685428334
1087,0.00189960292131916,1.0889774350298684,-0.13691666839031708,0.048729799753425423,-5.954577791896262e-05,0.1786819822692059,0.1578621634352184,-9699.484844833678,-5.1919726089136615,0.03767723565683315,-4.059752195429362
1088,-0.12767230951925973,1.0911238185981937,-0.05808832162342868,-0.058787934032877465,1.6113072267187897e-08,0.18333044261048242,0.1578621634352184,-9701.9976550604,-4.838252200154701,0.03779002611815589,-4.333528926955353
1089,0.0025233059791136543,1.0712960706621935,-0.11050537631109275,0.03999231762675019,-0.026482542770526633,0.18133038699024107,0.1578621634352184,-9708.116739249626,-4.729272847430901,0.040136227594030356,-5.265595051310354
1090,0.0020901440942496545,0.961218535930199,-0.009669631667480822,0.04928220618615502,0.030243285960591747,0.1826561911585159,0.1578621634352184,-9709.970308286613,-4.943072316666573,0.04003231843653099,-4.983248019899232
1091,-0.0019048207973173584,1.1019891679212424,-0.13232242358341167,0.03021840218552027,0.015498029418846659,0.18333447113396298,0.1578621634352184,-9706.54080076997,-4.967857488259975,0.038933971076427557,-4.729252298071762
1092,-0.16188763270196432,1.0281458081035042,0.014108315874060914,-0.074916515739261,-2.4964796907364126e-08,0.18353605810241172,0.1578621634352184,-9702.167926374257,-4.8892707128058595,0.03779875611607574,-5.023174172816354
1093,0.0004897447616377438,1.08787798732373,-0.12366764535556146,0.036169435244985684,0.017468043791900072,0.1830895553526981,0.1578621634352184,-9706.955115086586,-4.9617161774761795,0.03909463304565789,-5.127383191553846
1094,0.00207194669506765,1.0950902693063633,-0.13873874672049746,0.04439072364603817,0.0003437352215452216,0.18391658847817016,0.1578621634352184,-9706.900998067376,-5.029845607765401,0.037903632577683546,-4.756766417721565
1095,-0.007810475792005408,1.0095359205995131,-0.041044099360142264,0.03025079570232033,-0.018753793356261345,-0.18294741955222732,0.1578621634352184,-9706.730590047542,-4.946382714501675,0.038914347534785836,-5.152037305346928
1096,0.002211230034700429,0.9355464896498236,0.01689115153106957,0.04844804885984505,-0.00024124653748668849,0.18389663630915543,0.1578621634352184,-9707.370116872577,-5.031455163154538,0.0378947380820119,-4.801992712206952
1097,-0.16009449686297272,1.0865377645406136,-0.052553699694231126,-0.0662531614019316,-6.162487209845079e-09,-0.18141063598824553,0.1578621634352184,-9698.671839453855,-4.938145522992109,0.03770856158730849,-5.235179050333774
1098,-0.17264502740619334,1.0588142426109965,-0.021629236311574727,-0.07193377026464023,-2.7405054882077147e-09,0.18191948465427174,0.1578621634352184,-9699.503689453904,-5.02630969081353,0.03773014603734767,-4.96306945024856
1099,0.0034108755470769418,1.103512756653581,-0.1560501450802088,0.053555417178891396,9.604199662565723e-05,0.18204056375364197,0.1578621634352184,-9704.099233347933,-5.0360844141913885,0.037831906302029955,-5.224998143158919
1100,-0.20506229455358652,0.9909927715073154,0.054394873835830214,-0.08659828795447228,5.7808409937878665e-09,0.1823743769735262,0.1578621634352184,-9700.396582376186,-5.060811905359521,0.03774944654445349,-4.825194745882927
1101,0.0025627765418583617,1.0895143329120405,-0.14447370791427866,0.055809806454357055,0.00018320222507410121,0.18266734780562466,0.1578621634352184,-9704.630815231481,-5.020048760916199,0.037846497799880294,-4.967407711856907
1102,0.003700728054431459,1.0687076624760468,-0.12714014309304245,0.059528166788712714,0.00022114450547534555,0.1827599419423167,0.1578621634352184,-9704.724053067988,-5.018752477800538,0.03785857827274529,-4.844589840748004
1103,0.008663374803147973,1.0481077580207505,-0.11315309145575458,0.06716039756572542,0.0001285804733144653,0.18248495424084027,0.1578621634352184,-9705.075285778428,-4.982498452836059,0.037895194953378154,-5.470307585023834
1104,0.002708965982228773,1.080118490659667,-0.1358778047177152,0.056635666102635505,0.0001342269770190422,0.1840886279661344,0.1578621634352184,-9706.068337240047,-5.131970779274927,0.03790734317421268,-4.9970913084884625
1105,-0.21862520707222724,1.0090629060261884,0.03451844003682426,-0.08746252482050079,-1.2696067913665184e-08,0.18403800963071013,0.1578621634352184,-9701.898565889947,-5.054671416114375,0.03782014250774462,-5.159744265796358
1106,0.0014330016877247072,1.079948097977256,-0.13632921672114756,0.056984449917949986,-2.116765536843914e-05,0.18397983834130863,0.1578621634352184,-9705.620044240513,-5.1085423847152,0.03788936356423739,-4.8926114318589216
1107,0.009605291327763669,-0.009728436207546064,-0.8139731944060387,1.8278933326359617,0.08467516023701915,0.1563220476488255,0.1578621634352184,-9707.584878240143,-4.994473745005907,0.047104469913864695,-5.047420466738966
1108,-0.2978224092123739,0.8620636067165179,0.20083597948156634,-0.12258903317568642,1.4520742721799095e-08,0.18435408724849672,0.1578621634352184,-9702.52408072793,-5.029949252234641,0.03783352957672789,-5.380664920331817
1109,0.001250814306453317,0.06810030651822377,-0.6051522018582541,1.5393003437105754,0.09510844333009685,0.15026023916865214,0.1578621634352184,-9703.615246066696,-5.144799712631369,0.04836279533450143,-5.356053103005846
1110,0.007262891283547474,1.130446045628246,-0.19189457587203296,0.06318761315785376,0.00010916279095702081,0.18185104135934443,0.1578621634352184,-9702.247940936786,-5.202851161986986,0.037865590688629054,-5.226062937616125
1111,0.0024414909889768042,0.10413822902078641,-0.6078246520662367,1.5061243179004666,0.09229432080595135,0.15012816940459395,0.1578621634352184,-9701.109321365935,-5.2107052400941525,0.04774842042377172,-4.817930396148396
1112,0.005066371959085553,0.12349725231113451,-0.6089235457800315,1.4882169283271178,0.08796590119779485,0.1541196426721512,0.1578621634352184,-9702.638548910629,-5.060428281983921,0.04695001826432556,-5.226394201404024
1113,0.003207636689459078,1.084716999548042,-0.1674104691276203,0.08366548286502415,0.0001375765188558034,0.1808865517549087,0.1578621634352184,-9700.51793412673,-5.135577582183804,0.03775950486990488,-5.272899619522185
1114,0.002795468009104046,1.0501155094313008,-0.1370190044195495,0.08781378083919525,0.0001010822514945247,0.18104662381868342,0.1578621634352184,-9700.682088082272,-5.17377367459441,0.03776091860550737,-4.894064699013077
1115,0.007663548793397549,0.0014044772658596918,-0.779008237614435,1.7810613800482855,0.08247771309110953,0.15618727323073264,0.1578621634352184,-9702.754253331874,-5.066720721147898,0.04642146648795636,-4.569014057921097
1116,-0.00014080485029685903,0.05325157116984022,-0.6880425111019751,1.636289768398456,0.0877869533128281,0.1549084640341133,0.1578621634352184,-9703.527975788711,-4.931833148281576,0.047208459857546306,-4.989908472470926
1117,0.002330117309013443,0.06784884971743682,-0.6079872340780803,1.5420417335194188,0.09442436590080933,0.1514906208627493,0.1578621634352184,-9703.106601876547,-4.993573150253567,0.048257601939328515,-5.112635883740164
1118,-0.0030015227638632153,0.0752510960106587,-0.5815266746526275,1.5071307990169451,0.09538543886274525,0.15180585940084518,0.1578621634352184,-9703.450803200716,-5.053262330060662,0.04837313046717398,-4.642236528226351
1119,0.0029010666628580557,0.09663801434054291,-0.5719474490110588,1.477047788337559,0.0938785826325966,0.1523979277013367,0.1578621634352184,-9702.3442059582,-4.937221351267316,0.04801443305452362,-5.282317076897614
1120,-0.003923530272785962,0.0943105124776587,-0.636709767187555,1.5428981106932205,0.08878855680928319,0.15563065229982717,0.1578621634352184,-9702.893217238736,-5.066514575318102,0.047275560523207916,-5.220966814282811
1121,0.004530631859518249,0.0861498745639667,-0.6877636033034047,1.6038359978391172,0.08537201178655357,-0.15701512507693133,0.1578621634352184,-9702.755843835273,-5.0783102340798,0.04680969788624497,-5.646354456368421
1122,-0.003392418068982395,0.1291775839538532,-0.7122419526122419,1.5838306211247337,0.0767287325432518,0.1630398349342405,0.1578621634352184,-9704.713243602144,-5.227836637142066,0.04542743458704735,-5.106906002344818
1123,0.00520776106006221,0.8317713999351353,0.05987623208982073,0.1097344076605139,0.00013992743168633943,0.18478012972754548,0.1578621634352184,-9705.132451867352,-5.181669838944809,0.037921566464865435,-5.217372372211844
1124,0.005540485755187661,0.09496482062508664,-0.6506686781751251,1.5581405029561286,0.08617623672363033,0.1581792442990193,0.1578621634352184,-9703.315738913318,-5.149438357176414,0.04686230635061611,-5.117064216364533
1125,-0.001112199465264207,0.08060465694337807,-0.5768739344065075,1.4972887697930894,0.09657958900949332,0.15171563986840553,0.1578621634352184,-9702.44478236649,-5.1416851607835685,0.048641912809904445,-5.375462171624007
1126,0.0014184013587717785,0.0803411453431708,-0.5739874875360966,1.4952875887636607,0.0961535650610211,0.1522128759494129,0.1578621634352184,-9702.807067699714,-5.217393622665685,0.04854488382407153,-5.356413737988185
1127,0.0006824691819725169,0.08178028746820812,-0.5815090613614236,1.5013235790084,0.09516286195083684,0.1529025974802981,0.1578621634352184,-9703.118730739718,-5.260637025883941,0.04837130644823044,-5.109842002373011
1128,0.001709420009728315,0.08931777540778565,-0.5669702404302388,1.479384585906558,0.09459803880712192,0.15390293922703263,0.1578621634352184,-9703.522555728689,-5.188618631143079,0.04821131966235096,-5.315374353819764
1129,0.003357780837266424,0.07393159045249653,-0.6761520915046222,1.604382396481249,0.08466894857866529,0.15875143705540679,0.1578621634352184,-9703.310761176866,-5.220611218391108,0.04663106768833111,-5.488095152946877
1130,0.0010674498277403399,0.109514976333113,-0.7281379021442067,1.6202882132480363,0.07653802403026239,0.16137475287047193,0.1578621634352184,-9701.83532588382,-5.27951334314221,0.04534125651275703,-5.300544188362086
1131,0.0011438475251697939,0.08817245136327437,-0.7433557067917218,1.6568648950632292,0.07739127156357252,0.16071090248835507,0.1578621634352184,-9701.838037277063,-5.259713379679372,0.04550963415762572,-5.52215096147071
1132,0.0009416989558263767,0.037525722023933145,-0.7808623164998234,1.745173985365383,0.07890172148136892,0.15959082127072605,0.1578621634352184,-9702.50459642998,-5.329872046885351,0.04584756870895017,-5.747719333536559
1133,0.0031885464866759777,0.7606157425604569,0.13366110890718153,0.10672950544199528,2.0941836660914962e-05,0.1841470209271201,0.1578621634352184,-9704.48787962023,-5.427770515499533,0.03788589783874147,-5.344678074691188
1134,0.0012006029690420465,0.0765307947049795,-0.6155181228283748,1.5408358002168483,0.09040889923181825,0.15491699663202385,0.1578621634352184,-9702.230649014813,-5.354000914379535,0.04748813756480401,-5.28038880455975
1135,0.0007338874237449401,0.068377545502945,-0.6302492207363557,1.5636183934515382,0.08954366207977227,0.15465356652904852,0.1578621634352184,-9701.392728265799,-5.31646594664859,0.04733750960217714,-5.074851136024027
1136,0.0009828369839819154,0.096388129140352,-0.6042636181630932,1.5095084023508483,0.0895594323655956,0.1553261840345686,0.1578621634352184,-9701.78332373515,-5.227842548760968,0.04728186516898729,-5.421105910802374
1137,0.0010939751688026746,0.07371688536915381,-0.5971146999509229,1.525138243654889,0.0916248991579189,0.15418541570340455,0.1578621634352184,-9701.996958121279,-5.306813563647068,0.04764914383672168,-5.411420905586718
1138,0.0010213526074291295,0.07860952104167593,-0.6051556705764971,1.5282927379711777,0.09058944821505702,0.1549305075044063,0.1578621634352184,-9702.161562745643,-5.350822027659002,0.04748221105981497,-5.448844724219383
1139,0.0012000140097556998,0.05513123864688052,-0.6645744869583371,1.6112434917668748,0.0887525567055805,0.1551632578494449,0.1578621634352184,-9701.872489203137,-5.367305637154198,0.04732617326378333,-5.630807910044254
1140,0.0014085568239446916,0.011413804873006257,-0.7151735268732154,1.7056961498714338,0.09028394907482545,0.15341365042684063,0.1578621634352184,-9701.968388900514,-5.41599066622989,0.04781862981452732,-5.383218906563632
1141,0.0011478422856344885,0.05840813306472256,-0.6410204935814152,1.5843517061983077,0.09245484545428398,0.1529036106888933,0.1578621634352184,-9701.431987405593,-5.362337928046305,0.04799588192600805,-5.728372784282343
1142,0.0007869412124588424,0.0705311860070833,-0.5831247541239994,1.5143080657567132,0.09566729868934315,0.15169817098398453,0.1578621634352184,-9701.821245423513,-5.452182843835249,0.048443710793749664,-5.490873850291429
1143,0.0011818293667930709,0.07998911638872139,-0.5810884911037137,1.502929262279717,0.09485480650571687,0.15219773544427734,0.1578621634352184,-9701.770654097461,-5.422574384426229,0.048266449433110724,-5.592064172964145
1144,0.00026997368964073445,0.07856325141438963,-0.5690837372338393,1.4922359922037582,0.09484755011856089,0.1521786582301755,0.1578621634352184,-9701.691326466434,-5.452574712477176,0.048203114080203446,-5.157115076026665
1145,0.001220659871528114,0.08664054435999174,-0.5589141287506165,1.4740208545429598,0.09620864014247624,0.15203171534355336,0.1578621634352184,-9702.262345111973,-5.348497703605542,0.04848259879276669,-6.1369424695474235
1146,0.0009035087958871199,0.04100289025963916,-0.5970135597966293,1.5581138310436904,0.096652084050325,0.1542678567107607,0.1578621634352184,-9706.440888286437,-5.597043049319142,0.048833175439027154,-5.507146513232878
1147,-0.00028735905493834266,0.0389284295445962,-0.5914350951604103,1.5543574665662563,0.09671966651964575,0.1545051357801378,0.1578621634352184,-9706.574591982977,-5.52311769674659,0.048830231053416134,-5.544390828880018
1148,0.0008971786040278221,0.02471108417030047,-0.6891812977642066,1.666561655771642,0.08922163961298862,0.15782763699148178,0.1578621634352184,-9706.149852722363,-5.499765462333638,0.047623269235657295,-5.839603305100689
1149,0.0005691238623440476,0.004908588973978452,-0.7087781128333637,1.7060406375903587,0.08942018394264489,0.15786849917921214,0.1578621634352184,-9706.96304035516,-5.5736298931988415,0.047746736500705246,-5.153763447458248
1150,0.0011797502799187802,-0.0024125443254580737,-0.7080114041440444,1.7124451398299614,0.0913780773747069,0.15730190889684814,0.1578621634352184,-9707.35302840755,-5.392321122284079,0.04818303995958943,-5.387383022825793
1151,0.0007690897900502173,0.004172604194477882,-0.6882751719181294,1.6859911913901202,0.09289490065849498,0.1565526774159053,0.1578621634352184,-9707.338661748847,-5.4272695012216925,0.04842859712294671,-5.411958686582744
1152,0.0009594244658543607,0.036434135299376114,-0.672395103819906,1.637875066777616,0.09069326157222758,0.15828631350731215,0.1578621634352184,-9707.33615045472,-5.424508482036954,0.04791981382152694,-5.5857198714805385
1153,-0.007956603366771207,0.02507371139304536,-0.6689924703961296,1.64411498683525,0.09199175358762444,0.15624385674581925,0.1578621634352184,-9705.756024378989,-5.474415928846156,0.04811408183183759,-5.007414981565288
1154,0.002762950293747294,0.013640511640918136,-0.6605721551415757,1.6490623493824432,0.092301418002841,0.15737058089436948,0.1578621634352184,-9707.275850478125,-5.329011128969993,0.04818683770648352,-5.398914080801293
1155,0.0031359110837096364,0.011853073093676683,-0.659153528863413,1.6495015911812345,0.09274434968855474,0.1572209111304388,0.1578621634352184,-9707.395913946697,-5.347901897325121,0.048280035525525664,-5.429581065538631
1156,0.002295620829971066,0.027048213286205127,-0.610032603630223,1.584997396786798,0.09497542951083503,0.15613564185759643,0.1578621634352184,-9706.89826041249,-5.362677063480386,0.04855121453270673,-5.1156739876525705
1157,0.007265137809447916,0.10576176837049384,0.47075402863351534,0.4255278727416948,0.0016253008764472113,-0.1873684578005132,0.1578621634352184,-9708.006896148292,-5.297901226062744,0.03801681027541902,-5.4273517924282535
1158,-0.22521561230149922,0.017181687364529817,-0.6055328531974904,1.545551257999397,0.09925531131341755,0.1533646331981931,0.1578621634352184,-9707.069930747857,-5.355424931724026,0.049384413771292074,-5.693369908184804
1159,0.005073909836129457,0.008855954016605796,-0.60226727887674,1.5961381751229857,0.10097575279023832,-0.15244444421807013,0.1578621634352184,-9707.774125779404,-5.442315223771711,0.04987494991801643,-5.411218121263633
1160,0.0011818923683646401,-0.011313728199536638,-0.6711743296801149,1.6845811051508792,0.0959771992490305,0.15481735658716594,0.1578621634352184,-9707.599852819529,-5.411657307861837,0.04903241756768309,-5.675117558528913
1161,0.0025532822178464098,-0.024587428343337388,-0.6930050074412695,1.7200810702556177,0.09535323210466307,0.15512521193460832,0.1578621634352184,-9708.0810403605,-5.4775551402612646,0.04899449815966997,-5.612180502511299
1162,0.005403086120725653,-0.000554488913973124,-0.6217542769498146,1.6253490588233153,0.09957212235570492,0.15269746163719475,0.1578621634352184,-9707.514026249066,-5.468407200478126,0.04962302567273831,-5.592461297372521
1163,0.005505934632826543,0.006025150826129201,-0.6234187868043722,1.620504231065323,0.09776191804812454,0.15404295408533258,0.1578621634352184,-9707.625380779547,-5.481941376353036,0.049223120151573437,-5.406670945071118
1164,0.0018047828398759416,-0.28592069126387737,0.47404454690263054,0.8134949681815019,1.979068982201112e-06,0.18724674552532472,0.1578621634352184,-9708.36231955231,-5.45830006326785,0.03800126091344392,-5.397146241729905
1165,0.0056944599680110765,0.010493011803223864,-0.6412527575552379,1.6337910767724422,-0.09625677029359347,0.15455623581067268,0.1578621634352184,-9707.260671428738,-5.43082765695385,0.04895387173525691,-4.927024400411089
1166,0.0011357026225063385,0.02436640139375569,-0.5896068586666856,1.5670628890956682,0.10076316825135424,0.15323017314769377,0.1578621634352184,-9708.725676091717,-5.2908107196030745,0.04978299506180751,-5.379935623019698
1167,0.001719947740935941,0.035086660113625184,-0.554730611170863,1.5216193018778783,0.10304901309947484,-0.15221561508926523,0.1578621634352184,-9708.744622236653,-5.366476151145983,0.050159303824973675,-5.334955369381695
1168,0.005722558093936559,0.0810844183168521,-0.5689377089903169,1.4906480883441127,0.09480001026953054,0.15791806103433687,0.1578621634352184,-9708.495688596577,-5.35766999693249,0.04842303788199719,-5.168128554479059
1169,0.0017789998511579758,0.3509908687234384,0.7803040390302062,-0.1307301722057447,1.6546615193729276e-05,0.1885254143830514,0.1578621634352184,-9710.177150755144,-5.301845737110078,0.03813152505341025,-5.145587733003718
1170,0.0008649898693155661,0.019713743887188252,-0.6999610515062331,1.6823273630470161,0.08746233896039898,-0.1605981850141036,0.1578621634352184,-9708.217306444652,-5.256312525197758,0.04736838662497925,-5.193796442719397
1171,-0.003431786018314268,-0.07289880401063033,-0.8185315353202621,1.8929884107271868,0.08514522104690016,0.1601827727404286,0.1578621634352184,-9707.967926496533,-5.224344741320847,0.0472904910427699,-5.065969329399073
1172,0.004931200074770509,-0.03852992742963396,-0.7263371255276074,1.7679880373583416,0.09338345077606108,-0.15551049831169939,0.1578621634352184,-9707.29282633759,-5.203557697772366,0.04868092940308422,-5.297743069488146
1173,0.0016091572960510825,-0.026771817607110615,-0.6770629433456005,1.7063214814287373,0.09716979303009501,0.15356486012691634,0.1578621634352184,-9707.275524385946,-5.267088260816736,0.04931602850385486,-5.433779881090609
1174,0.0021187024378420873,-0.030393376039420338,-0.6850892147379388,1.7181751739338522,0.09737438432936954,0.1534056039021483,0.1578621634352184,-9707.479711291888,-5.318928335136908,0.049402958637272204,-5.331670200107443
1175,0.0016335070041660973,-0.022128137948318367,-0.6662941328957046,1.691021195136091,0.0985616274179705,0.15280352083778495,0.1578621634352184,-9707.495560909845,-5.304766383950152,0.049589687114713885,-5.358424565654553
1176,-0.0020243405629594854,-0.016636509185813907,-0.6559482060474753,1.6745220764818591,0.09897700614684843,-0.15270253199059564,0.1578621634352184,-9707.617819103856,-5.319650257503478,0.04963814063887549,-5.075824950976846
1177,0.0005935804287400298,-0.019238180626748418,-0.6402396337811451,1.6618300050305086,0.1011495575296448,0.15152017445261978,0.1578621634352184,-9707.983541188829,-5.225716034248055,0.050081037739867065,-5.130883818173385
1178,0.0011440383531569512,-0.01129925551277746,-0.6694534548694793,1.6833026280213574,0.09752564683593752,0.15382254790593664,0.1578621634352184,-9708.087948812605,-5.212064666334102,0.04937876818726103,-5.323159272909788
1179,0.002768401603530284,0.5668302046202305,0.4790647301873488,-0.045029388398299654,6.261605130037641e-05,0.18789749268886696,0.1578621634352184,-9708.515169625167,-5.273745250430165,0.038090702714544435,-5.077476909839783
1180,0.0011618219034805473,-0.041469497067010294,-0.7435575205210946,1.7877563350302905,0.09149435695285063,0.15702748054058818,0.1578621634352184,-9708.460560732708,-5.2325438012499035,0.048354560484200254,-4.809731704352564
1181,-0.0024559738261783538,1.1108345733653007,-0.16318856464248577,0.052087535712157754,0.00010027074711747524,0.1882922713658797,0.1578621634352184,-9709.358826815258,-5.122969943114106,0.03804346475514081,-5.2168396928697005
1182,-0.00010730226457959208,-0.0034914130738866733,-0.6977469645344763,1.7034678326094692,0.09236945875789672,-0.15754855487579003,0.1578621634352184,-9709.319385692741,-5.178868639613522,0.04838195036163076,-5.34144670771329
1183,-0.2236544680505636,-0.034235648295766766,-0.7420893554134149,1.734476179871078,0.09336346185056663,0.15621694360554222,0.1578621634352184,-9709.470489563078,-5.21638730385903,0.04869111390713784,-4.664128720336668
1184,0.0008621968053393269,-0.08883571818836804,-0.7964036018940321,1.887721872781043,0.09253844477628594,0.15754363660663473,0.1578621634352184,-9712.203999662399,-5.0565905645412235,0.04888828382292704,-5.176999548563974
1185,0.0010826412671890205,-0.02251315640769983,-0.6716492879403309,1.6964803873219898,0.09593871651090641,0.15668363839154636,0.1578621634352184,-9710.841371423057,-5.127157843152652,0.049095591103547595,-4.849959906724372
1186,0.00047226493370013676,0.06538419568585228,-0.02665776913436348,0.9624964676041821,0.191423166975841,0.0007369388615112634,0.1578621634352184,-9711.436397207115,-5.040316167094956,0.07425401883884736,-5.089211444908244
1187,0.0036008232176225996,0.6289696755139956,0.3933612823349375,-0.02130021404654183,0.00013585990036930537,0.18900976779583545,0.1578621634352184,-9710.666802367348,-5.102847301493665,0.03813775532881778,-5.353209713557482
1188,0.001456297212075445,-0.19754628249481282,-1.2405350454894153,2.4413060038461634,0.03850532495982699,0.1803450139412275,0.1578621634352184,-9710.85812821816,-5.19664303104397,0.04074131236475959,-5.514574554878213
1189,0.0008478470692434839,-0.09769747172639211,-0.8790582191267728,1.9795273322516256,0.08406090965324035,0.1619492217488535,0.1578621634352184,-9711.72215967074,-5.263232588346601,0.047386678792099055,-5.486511644032098
1190,0.0011182199991464717,0.8910247397027582,0.11119160798369251,-0.0017091636852794327,5.508599164567609e-05,0.18950389849317775,0.1578621634352184,-9711.59332672465,-5.3269033514602775,0.03814243183456259,-4.943464716337839
1191,0.0009343339040134223,-0.006095550321004922,-0.7351366890514521,1.7436844747880744,0.09111942057254145,0.16027300205099154,0.1578621634352184,-9712.527422681516,-5.155250880684891,0.0483748241151711,-5.557774748455798
1192,0.0008711278258917272,-0.08451369626379246,-0.9370184935953442,2.0244899595867833,0.07231765997186809,0.16987208831943307,0.1578621634352184,-9713.732396856649,-5.283487032198913,0.045359862562722085,-5.6749930443200025
1193,0.00045097021620029256,0.09586985303240406,-1.0953562790466367,2.002398734574821,1.693409349686049e-06,0.18825656028259552,0.1578621634352184,-9712.964112093461,-5.3925736360443075,0.038041790691014724,-5.735548832692339
1194,0.0017938891809151903,-0.06031423364828507,-1.1616590534179463,2.225701453275879,0.02790211675626826,0.18462215239883067,0.1578621634352184,-9714.002242641047,-5.490340930088276,0.03973016138246278,-5.260833237518308
1195,0.0014554920824948767,-0.15931470139020415,-1.2343559630437413,2.397463949633913,0.02988582250125065,0.18460671712294635,0.1578621634352184,-9714.646774373818,-5.3924792353201845,0.03987662329138747,-5.153223607333493
1196,0.0032231153055154206,1.0544922051971506,-0.06632474163931062,0.01271885725958134,4.7054675409174715e-05,0.1914535661350193,0.1578621634352184,-9714.710422286973,-5.329571222142647,0.03826537537316344,-6.063858723248096
1197,0.0012954648550255361,0.10499542794780514,-1.0919245196077543,1.9907606013640289,5.701634254276037e-07,0.1916633310743479,0.1578621634352184,-9719.020781261357,-5.516043109762143,0.03818943208239461,-5.669118996768175
1198,-0.00018706903091856612,0.14986056838580236,0.19426614368485767,0.6574628566620959,0.2037180017421783,0.0006716960585429901,0.1578621634352184,-9720.846429413128,-5.523886861046523,0.07727734018120819,-5.405485359413116
1199,-0.0654246809513203,1.2193621811048838,-0.2307636544246582,-0.001249548675758644,-6.115081217276682e-08,-0.1932675520703701,0.1578621634352184,-9714.527472135327,-5.448755310721834,0.03821235184557183,-5.363614599909253
1200,-0.00028533782516521294,0.1595341542781185,0.20774246542103608,0.6341771106203218,0.2046327892836991,-0.004618576898097358,0.1578621634352184,-9721.470552274355,-5.425611677021016,0.07749041063019041,-5.319241811789764
1201,-0.32467327118718126,-0.18091698822965585,1.3133865628603183,-0.19534824420895197,-1.4501327204010414e-08,0.1930476575356671,0.1578621634352184,-9716.939235184807,-5.374648823625292,0.03820299949841906,-5.380369729416998
1202,-0.10667430126544433,1.1013937081118432,-0.11445201896608387,-0.007583238262909407,-1.4779723834864318e-08,0.19305665190865517,0.1578621634352184,-9714.565579264863,-5.370267436215366,0.038203382035279856,-5.469703704160426
1203,0.0059140136684215465,-0.032633439089337635,1.0593770796702922,-0.02470214369174896,0.0002942124188662122,0.1932450516019189,0.1578621634352184,-9719.07882818577,-5.424466188576567,0.03831663783851699,-5.241458879935967
1204,0.008711779300954738,1.0817536357406217,-0.13335755912127942,0.053710534214164954,0.0001301846869773045,0.1927974558086314,0.1578621634352184,-9717.135525253556,-5.380477025932996,0.03837290534853144,-5.249010727061765
1205,0.006369054489123813,1.1305942627041166,-0.18053434213123543,0.05153204211812012,7.299166808201384e-05,0.19263238316456388,0.1578621634352184,-9716.437369406554,-5.352193037071724,0.03834020994571709,-5.252569164717646
1206,-0.3540088491781591,-0.14110176380667472,1.2467637896591297,-0.17425867147570337,-1.0724327056495711e-07,-0.19189005429117373,0.1578621634352184,-9715.444640846537,-5.297155466452321,0.038153768443830866,-5.509232487169652
1207,0.003711349745303373,-0.24948074400582396,1.2683157994491272,-0.017088926553356427,0.0002468931388200478,0.19267146364613452,0.1578621634352184,-9718.636308616573,-5.387321985239446,0.038276391397609105,-5.427579045481458
1208,0.0031135932544620547,1.0592681457775113,-0.11876415811944342,0.0605086172876533,0.0001594819789270959,0.1921145863108377,0.1578621634352184,-9715.13683072791,-5.39922063835303,0.03825527401900115,-4.817893585661883
1209,0.0033650349964582,1.1107168071099378,-0.16723498428999173,0.05751045213579717,6.320881235752926e-05,0.19331624256200236,0.1578621634352184,-9716.536558437636,-5.2437381052665435,0.03831352139975394,-4.963362600926349
1210,0.00016376239351493125,1.2003115652653618,-0.2515992400066097,0.05155727564949626,2.4281418242055938e-05,0.19242935722108656,0.1578621634352184,-9715.106530086938,-5.189731698351767,0.03824474171383416,-5.418792622528487
1211,0.004170684419500123,1.1307746368150795,-0.1923676669094681,0.06273023043834669,5.940199096030674e-05,0.19279343591424794,0.1578621634352184,-9715.836984532292,-5.277841373761371,0.03829778591387706,-5.148008903655945
1212,0.003769989035397478,1.118782066146169,-0.18437476343204784,0.0666560417811832,9.895593129176467e-05,0.19304586572815008,0.1578621634352184,-9715.897715428411,-5.250050756098509,0.03829936738065367,-5.134149175071866
1213,0.004778932162811587,1.162508029698309,-0.2272186772768835,0.06592246115047162,4.302347558129712e-05,0.19197425261039464,0.1578621634352184,-9714.190329284178,-5.230029056836999,0.038268773542359816,-5.089885105109644
1214,-0.0013120695822117453,1.1355501259102834,-0.20521633347712065,0.0696898760217227,4.620874883817031e-05,0.19214899059955998,0.1578621634352184,-9714.074202094302,-5.203206774004106,0.038214201619788994,-5.305861132270544
1215,0.0016150536118477703,0.0347771275039242,-1.0713340752031244,2.0393245287104023,0.007877126902659536,0.18951009527943607,0.1578621634352184,-9714.648963426258,-5.233035414845015,0.03825219186972481,-5.2253548855230285
1216,-0.15169287574472456,1.0682242959683919,-0.12814156940753896,0.03053045293512536,0.0021434508983529717,0.19186862380026992,0.1578621634352184,-9713.073006728815,-5.221348506617117,0.038166244787981744,-4.880581355062291
1217,0.0017923254074423615,0.9841127717136404,-0.08489706632454846,0.10152478306468887,1.1117149898000678e-05,0.1926479013317348,0.1578621634352184,-9715.206110843123,-5.155799517758757,0.03824761601180797,-4.869905025163712
1218,0.0016334111662648435,1.0544747277883322,-0.13377682936458,0.07988968068761218,2.875239585328272e-05,0.1915665788192478,0.1578621634352184,-9713.169651896376,-5.097477025367153,0.03820366364066445,-4.551380776989921
1219,-0.00024066658903850873,0.21198526877447094,-0.9858033499203167,1.7751940792277043,8.509441576861915e-06,0.1891640691837851,0.1578621634352184,-9712.433638650607,-4.964594595477184,0.03807557181150885,-4.668052478705901
1220,0.0003934915617568984,0.17459975753669413,-0.9944206226174508,1.8211273901775384,2.895714431000275e-06,0.1885885426017483,0.1578621634352184,-9711.782243027503,-4.920632616107658,0.03805083196878488,-4.36082707128358
1221,-0.03053073057058483,0.13289326706391835,-1.0190872485481164,1.8811040128991903,-2.9297163046828144e-06,0.188884423667312,0.1578621634352184,-9713.244911702843,-4.805051282846476,0.03805438320001818,-3.8972216619073152
1222,0.0012705113652390757,0.12331533445846063,-1.0233834243096118,1.9009220853564224,1.8360301193999122e-06,0.1915086981892552,0.1578621634352184,-9719.585642593245,-4.612856960454729,0.03817539105142362,-4.523410213722386
1223,-0.3824270897257833,0.8055557930066515,0.1455365153886156,-0.026339786482922692,0.054673080751560466,0.18567614541590452,0.1578621634352184,-9717.587958048842,-4.5994280437164985,0.04241519483469483,-4.541146922061521
1224,-0.0006784289936653963,0.22848723535445542,0.12395225628166748,0.6472702694917363,0.15885872832416142,0.12038848190166204,0.1578621634352184,-9718.692453266818,-4.677921413140202,0.06190230258023303,-4.761497022545792
1225,-0.2144359300620837,1.1633449554115884,-0.3251396040491309,0.11966828900797885,0.024647902020039407,0.18867019008167363,0.1578621634352184,-9717.25153907268,-4.739650500009489,0.04064951017983315,-5.088090112132499
1226,-0.009834955390059855,0.14879379059317915,-1.0117499409842439,1.8617266624143989,4.994138086464775e-05,0.1896321894295982,0.1578621634352184,-9716.567238166732,-4.8610985673898535,0.03809180301821469,-4.274661596594821
1227,-1.878040971841177,0.13597316292078812,-1.0803020966867063,1.573635096969963,1.5540091102290337e-08,0.1911929048855713,0.1578621634352184,-9718.511987180595,-4.710477254627027,0.038124122742993274,-4.710870991580449
1228,-0.007317163778497549,0.11892534085737061,-1.0122126905721642,1.8921408527859014,2.279932269714942e-05,0.19046100270572836,0.1578621634352184,-9717.61193114035,-4.747880698580447,0.03812759838456109,-4.491448695243122
1229,0.0049421602043051086,0.8886171711166593,-0.14701223277638753,0.2594907504512213,-0.04198015014260806,0.18851514552121723,0.1578621634352184,-9721.015373776489,-4.703893027358065,0.04119206972261273,-4.955742006767712
1230,-0.0008222798860944619,0.7222195963147111,-0.054755100551802216,0.3325322831464713,0.054268030829581815,0.18661543675040648,0.1578621634352184,-9721.172773694645,-4.808293633608018,0.04195600570506887,-4.839246403940126
1231,-1.5859987053676359,0.1843084009969927,0.20106521714306097,0.3015428561795145,0.20212473654252322,3.650069036597086e-08,0.1578621634352184,-9713.83704341796,-4.816914776721098,0.07581603767173277,-4.65445919155691
1232,0.0017665832748772732,0.3845087163420081,0.08564684711729179,0.530102792319364,0.10846582743372885,0.16135178470057548,0.1578621634352184,-9715.364475570164,-4.778134523465212,0.04941399702874077,-4.475670338697265
1233,-1.4060383377057515,0.19173656443126808,0.20657565336107853,0.32396302873925076,0.2023926828865008,4.877592769847414e-08,0.1578621634352184,-9713.869087370349,-4.701233844600306,0.0758058408846465,-5.096452105691365
1234,-0.01586069150113826,0.14569854533783355,-0.9897989556967,1.8411752392069982,1.7570723027402153e-05,0.18866127339604993,0.1578621634352184,-9714.33719775879,-4.853041030032555,0.038047915669807586,-4.74355904798366
1235,0.002369056470410979,0.12381487845161393,-0.99134521863914,1.8680227521964734,1.6772199655188874e-05,0.18836740287828724,0.1578621634352184,-9713.883236514062,-4.827751668312606,0.03804053080522343,-4.6354977220189175
1236,0.004714115295379719,0.756889411013121,-0.11644483000574729,0.3605192022044377,-0.0530080816698173,0.18339060957802844,0.1578621634352184,-9716.531097481062,-4.7790208856673,0.04186947814199443,-5.016967786616371
1237,0.00679992721690513,0.09972383957213449,-1.0022999131611194,1.903963090704555,-9.648745571618755e-05,0.18871672968972356,0.1578621634352184,-9714.7535914011,-4.867947385768253,0.038056907526292566,-5.1979724368101285
1238,-0.0017666331923169945,0.10105640327896084,-0.9947964750802808,1.8936301082217573,6.625005006693458e-05,0.18923365905885892,0.1578621634352184,-9715.053363120142,-4.961595745245007,0.03807652179807959,-5.738499388408059
1239,-0.00128138916396297,0.371986993423683,0.02546608735463006,0.6024152791547537,0.0936121090111327,0.17170344808406485,0.1578621634352184,-9719.743135589313,-5.175702041568277,0.04681757739842686,-5.2049981130392915
1240,0.006223705301320532,0.1269709984073439,-0.9832637597708906,1.858149156771073,0.007731065064615603,0.19084802031794967,0.1578621634352184,-9718.593280195664,-5.139813643004926,0.03829469430037721,-5.281107757277772
1241,0.0028957881040809624,0.14008514242826428,-0.957397098336813,1.8185044545968365,0.005679647075044956,0.19044062963753938,0.1578621634352184,-9718.110353794731,-5.157888737416387,0.038205354759342974,-5.279747025736164
1242,-0.0003773506471207418,0.10481896887455047,-0.9096535397272497,1.8053703239079975,0.01730437389388225,0.18916093233191417,0.1578621634352184,-9717.75425117069,-5.168221419727368,0.0386459479633299,-5.066010051854789
1243,0.0012510715550962325,0.8428029063267228,-0.08305880646502756,0.2406772039231501,0.05105928686582024,0.1845585099649601,0.1578621634352184,-9718.423312848283,-5.113650825137052,0.0419849237210462,-5.518412670384313
1244,-0.0024905159043474194,-0.04504070402577544,-0.9163730516347177,1.9615339928633824,0.027017382244998302,0.1877895319937492,0.1578621634352184,-9717.44115503424,-5.233731879994918,0.03919984685215697,-5.465894607950594
1245,0.00248925210064942,0.6161275568710547,0.015207096550035186,0.3693439180937089,0.06855972979257881,0.18019432785252354,0.1578621634352184,-9718.09267148969,-5.274916798931017,0.04333381173929449,-5.431273100319847
1246,-0.0012140085837105267,0.6610135899314639,0.047679083625702307,0.29129233270002874,0.06631019066442023,0.1808085428199334,0.1578621634352184,-9718.061415061256,-5.2940007173157815,0.043131800694866176,-5.04504726701955
1247,0.0015672055508390262,0.4102644610361152,0.05423409084185811,0.5359805034992859,0.08548712798298952,0.17344381763746142,0.1578621634352184,-9717.277440061896,-5.189923786056,0.045340489082756764,-5.459555424699984
1248,-0.002452192794831087,0.0889186693195452,-0.8710196817913922,1.7822035019279339,0.026499939707040114,0.18700239148327202,0.1578621634352184,-9716.723751849797,-5.2574302856792965,0.03919987564743191,-5.368321585483579
1249,-0.003966912342696647,0.08984341769322302,-0.854640313678694,1.764667914301287,0.026744913367033954,0.18704767775311154,0.1578621634352184,-9716.807309545704,-5.271725142876877,0.03919803800710635,-5.127405797992742
1250,0.0025032420099541514,0.032483198034337135,-0.855696069671227,1.824243067361787,-0.03041970020871111,0.18645964768724319,0.1578621634352184,-9716.841872988276,-5.222122835218867,0.03944976554229381,-4.582607742951597
1251,0.0004894245291309683,-0.4542341181561932,-1.0657749971853139,2.5203350333004226,1.1833645209785912e-05,0.19074516060597013,0.1578621634352184,-9718.52861723863,-5.0451566245207395,0.0381417777651553,-4.867832017541673
1252,0.001485112307821411,0.4634935908007737,0.0033162531111171067,0.5335007207691221,0.08283540945618745,0.17401786683597803,0.1578621634352184,-9716.968230722603,-5.009239229875361,0.04507093924972612,-5.155285003685617
1253,-1.93175681387579,0.39256182838087106,0.39514038555597986,-0.16639405798338197,0.11907705959763185,-0.15760363789094028,0.1578621634352184,-9715.058257759274,-5.0562338762553685,0.05158865256229669,-4.809852634870163
1254,-2.15538489305567,0.40776095657423406,0.4647184758589254,-0.29627284354679845,0.0812336782765738,0.17587547502246384,0.1578621634352184,-9715.456271908131,-4.956186403834963,0.04518911850803185,-4.838070865626506
1255,0.0013542189541654712,0.45069407491027214,-0.004282460523130418,0.553815574337725,0.07927063640944944,0.1757089817883854,0.1578621634352184,-9717.48529885158,-4.978405039714888,0.04450545104645269,-5.157392529023864
1256,0.001578201398182035,0.4353702568482722,0.027517918414290216,0.5373354281025492,0.08464735622407506,0.17355895225579734,0.1578621634352184,-9717.296033363558,-5.052482143865001,0.045277564451844485,-4.518829703672842
1257,-2.321981089422464,0.4804503089269337,0.40608292717220573,-0.3442925226184168,0.057236940557913715,0.18381097723305673,0.1578621634352184,-9716.209984984202,-4.82119579852282,0.04237602124481144,-5.11290133880272
1258,0.0017454741859716703,0.4227638539215556,-0.981045842702948,1.5585893702395448,2.1605226096917083e-06,0.18983343187574558,0.1578621634352184,-9717.210013165894,-4.986606312833648,0.03810273363769918,-4.981259069102034
1259,0.002408564308261506,0.300671862335794,-0.8907639183568739,1.5906794422183292,0.00927579174650857,0.1896784895022634,0.1578621634352184,-9717.279317318014,-4.99472270393471,0.038331628909115595,-4.36815931118883
1260,0.001722012779812886,0.4242264481931578,-0.9486155928425417,1.5244223732674458,5.123660914461888e-06,0.19075341107372468,0.1578621634352184,-9718.918890420337,-4.832851961994256,0.03814171547160214,-4.488481472238823
1261,0.001346287196287793,0.3824723311669505,-0.8599218437638035,1.4773202279582427,-0.009266227047021106,0.19075064692660776,0.1578621634352184,-9719.885073275222,-4.773778784227291,0.03840169042357747,-4.159735153069553
1262,0.0017100244860275178,0.46586144737712654,0.12182588614238918,0.41227234684361225,0.09807099459086266,0.17182379669090364,0.1578621634352184,-9723.303195962835,-4.614445769180621,0.04770538342885487,-4.177872171886585
1263,0.001152639463223641,0.571334839305919,0.16578731239000005,0.2627230825981366,0.10075381719192007,0.1713542216595261,0.1578621634352184,-9724.1287719998,-4.524306935274363,0.04860533389950818,-4.269516953584148
1264,-0.00015230669063981427,0.7070693410421338,0.08454101163135963,0.20805822438413607,0.08734245765184123,0.17628199670920813,0.1578621634352184,-9724.21088931404,-4.4987328922703025,0.046977711772738934,-4.47161262866004
1265,0.0013104591013558039,0.5724864363747507,0.2230693150426206,0.2042633339086174,0.10516651669765963,0.1687672600280119,0.1578621634352184,-9723.507477357274,-4.536761120697082,0.049472864431621195,-4.815666671497658
1266,0.0019248042335341274,0.6872865141817244,0.04361049266780709,0.2691010889193521,0.08508111011614775,0.17664272543917453,0.1578621634352184,-9723.61658194468,-4.684283839496508,0.04641797268292869,-4.932728678052452
1267,0.003241904282308773,0.5646810628007779,-0.5736353737164779,1.0092122952261926,0.027449427928848268,0.1891647911499691,0.1578621634352184,-9723.556601200113,-4.770359221850543,0.03974873176939056,-4.884503534417814
1268,0.0017665938666347192,0.5156592742013704,-0.5713983068965505,1.0556624769362246,0.02965378612999377,0.18859020753218092,0.1578621634352184,-9723.216358224496,-4.793440534499594,0.03978655998071737,-4.60488612072092
1269,0.0018194112510898847,0.901389476525311,-0.20360262153592984,0.30241670003549836,0.05091116873228141,0.1852237059338966,0.1578621634352184,-9723.441671725512,-4.756919251796672,0.04263468755414533,-4.667997446009998
1270,0.0025441800821759384,0.8214761826636913,-0.2728220318555542,0.4517585357356457,0.04533745524326077,0.18507049861055447,0.1578621634352184,-9722.242482712714,-4.728963681199055,0.04156373549018756,-4.444842146147032
1271,-1.5660533746446748,0.7738593724419727,0.1504664740450416,-0.23258347749446787,0.043073721860944256,0.18663984074669093,0.1578621634352184,-9718.107450596073,-4.685286769952466,0.04185561953477075,-4.693761343186478
1272,0.0015584643347631368,0.6752710358161726,0.08803998662981419,0.2366756903166101,0.08946511560991093,0.17407322826989907,0.1578621634352184,-9722.037915617566,-4.68419325028181,0.047053618121642674,-4.792217639865965
1273,-1.984256345400727,0.6072960218280237,0.3039855231625958,-0.3009792248187133,0.054672830481282894,0.18430942738798112,0.1578621634352184,-9717.834542537978,-4.794039668045681,0.042654300770894146,-4.055837433119582
1274,0.0012783578621572166,0.32789491824766803,0.37146855571745874,0.3000857405682016,0.15502366986592736,0.13322806090922543,0.1578621634352184,-9723.909045523154,-4.4979260307270135,0.06028783157789503,-4.015011600215003
1275,0.0011594805959656497,0.3425749595707388,0.3699300080634082,0.28676562648515797,0.1647129430108718,0.12488574478077966,0.1578621634352184,-9725.35814057616,-4.378804850714018,0.06306730306866923,-4.538840593412336
1276,0.0010321645041915738,0.31008805910443926,0.40521331602277666,0.284016880952645,0.17124562591170323,0.11638624627122493,0.1578621634352184,-9724.932154561562,-4.495109605832064,0.06498656783577295,-5.104089031572496
1277,-2.332256786642243,0.375583165862984,0.5377708187161367,-0.3715981531041861,0.07296743983590258,-0.18265217644335796,0.1578621634352184,-9723.502685978228,-4.787686931844153,0.04468718438375385,-4.682638091916494
1278,-2.3327769095305397,0.36016175761559444,0.5545798230873626,-0.3731132842472178,0.0743616113984594,-0.1822456296592574,0.1578621634352184,-9723.639321148717,-4.775208243029071,0.04485518751145358,-4.833777635180862
1279,0.009103894999716738,0.7626976805046641,0.046096666040879905,0.19275328454009721,0.08480616951733452,0.1779753596079371,0.1578621634352184,-9726.333303338215,-4.7403936157770445,0.04707896269027925,-4.85476187419194
1280,0.000839840419374297,0.671618307323639,0.10122105161411656,0.22694955044250004,0.09566924794273775,0.1729350027321087,0.1578621634352184,-9724.207001407778,-4.7677522588704635,0.048273343837827346,-4.673652072073576
1281,0.001212142703995291,0.3718654275739838,0.29710605314458194,0.3305848659723942,0.15172225221515268,0.13621717767073593,0.1578621634352184,-9723.774479983733,-4.723114227667465,0.059440156975700445,-4.928568988346884
1282,0.0019989185653522174,0.7189250223572707,0.06810900536928285,0.21305650801541778,0.08967083539002825,0.17447576134983458,0.1578621634352184,-9723.502467064223,-4.793748241815882,0.04747518312162542,-4.615840630362944
1283,-1.9280757798864716,0.48649773925925577,0.4204438742949449,-0.2855350451052948,0.07939894863416622,0.17834538632820596,0.1578621634352184,-9720.390170242443,-4.836039130393327,0.04547763611623374,-4.493742533094774
1284,-1.8508330717190695,0.45876776715042844,0.4242152743429963,-0.2468007487893051,0.09744280890315313,-0.17149313612688585,0.1578621634352184,-9720.92707639645,-4.74752621870674,0.04816845807383116,-4.713547859867235
1285,-1.7656369328253387,0.49316233447456553,0.41956647094557914,-0.2601123379508296,0.0816147784710116,-0.17748970874621067,0.1578621634352184,-9720.4864923663,-4.785586615841565,0.04573364209686644,-4.713419722646304
1286,-1.552387498866362,0.5843492453672705,0.2648174590112351,-0.1543162938421034,0.1037054504268905,0.16724098086674438,0.1578621634352184,-9719.445783102246,-4.767707532867693,0.049476595066722966,-4.69922328274874
1287,-1.7402492986839735,0.4756663272723441,0.3898002041962585,-0.20783671988533853,0.10703377806335732,0.16497383771787033,0.1578621634352184,-9718.544791701685,-4.769233107223914,0.04975813998969801,-4.758620301743442
1288,0.0013405990503339666,0.3993007456427087,0.24692586817767076,0.35334662849330845,0.14472936257129598,0.13942477347489698,0.1578621634352184,-9720.684511659987,-4.7282707910089306,0.05756676061657551,-4.6319558836679615
1289,-1.7858740376128264,0.4559322220751427,0.44191592725236994,-0.2498438130416041,0.09163265146579369,0.17202558349944208,0.1578621634352184,-9718.432551722943,-4.768042120741431,0.04706095930740159,-4.963222001610851
1290,0.0012449087165367235,0.35346998976321936,0.2762860809674926,0.3697421393654294,0.1541573214374327,0.130408361542532,0.1578621634352184,-9720.79235167028,-4.793149687653121,0.05998458119951795,-4.709502602597461
1291,0.0013528201783918397,0.3480951369636702,0.28353543036424744,0.36785371946987866,0.1554868875884351,0.12912261028247268,0.1578621634352184,-9720.822346321876,-4.744228657399161,0.06034141294663416,-4.936595611386073
1292,0.0013686346540225038,0.4248940415252236,0.23810246782165226,0.336575226911395,0.13486837981416727,0.14774654630130535,0.1578621634352184,-9720.94105501049,-4.812021043420891,0.05518521153972877,-5.0837196865363365
1293,-1.6335758939655505,0.577332501042384,0.35568194632612066,-0.2558129826694575,0.06128843417934502,0.18235737193134124,0.1578621634352184,-9718.237919086796,-4.948158253064496,0.04310217493585575,-4.896182402698753
1294,-1.8261313939878603,0.4759532284719904,0.45204003286319927,-0.28906457511111006,0.0687832040611101,0.18021934873976136,0.1578621634352184,-9718.211912660709,-4.92928643969223,0.04382413722493689,-4.99880149561532
1295,0.0005247570755595636,0.4461362769310144,0.23722742847820721,0.31613811243856377,0.13126184527916257,0.1506164066106666,0.1578621634352184,-9721.23077445903,-4.896539115688938,0.05438927954284912,-5.139563858146289
1296,0.0012175467589100341,0.38692790339460953,0.2510050256092059,0.3617654631274376,0.14666339893139213,0.1376683246912088,0.1578621634352184,-9721.191480318308,-4.96636603707402,0.058046828921032106,-5.568044153370371
1297,0.0017141688968166941,0.8311378755490391,-0.19123411584876937,0.36007651846082356,0.06292859564678871,0.18008500341793116,0.1578621634352184,-9722.492924282244,-5.134124173917712,0.04398751686874218,-5.377570944795439
1298,0.0015951953076876447,0.7045528133002736,0.011204275116501343,0.2842553915244674,0.09210398106151207,0.17138047668761136,0.1578621634352184,-9722.54217558893,-5.170369353132343,0.0477791521773131,-5.563139815438846
1299,0.0009836985935139254,0.5851335007108227,0.14925173467925845,0.26556752256973915,0.11646313976948164,0.16069841848466515,0.1578621634352184,-9723.384957872368,-5.259046527966648,0.051812264974091915,-5.292101728643618
1300,-1.5584682790363158,0.48707889989925635,0.47775618932892966,-0.2722415749134923,0.07087711503991401,-0.1794336333406087,0.1578621634352184,-9719.257303023649,-5.272684707026449,0.04433106739015007,-5.420006337138938
1301,0.0010655585180404069,0.34877697706329225,0.3434523903302019,0.30786407631746715,0.17422399265375493,0.10911873951091774,0.1578621634352184,-9722.939936657474,-5.267416931752969,0.0657329564574102,-5.411286868198212
1302,0.0012178458805066745,0.33528040117549107,0.36484657945563903,0.29999330738123375,0.18058726791879318,0.09979843060728671,0.1578621634352184,-9722.820151391492,-5.277687901707411,0.0676860181030838,-5.169895266209899
1303,0.0009827419336589536,0.34751940146306554,0.3507920049792521,0.301777810412204,0.17683430202922873,0.10544115647372407,0.1578621634352184,-9722.808142423502,-5.200661861675367,0.06651761140160806,-5.409460212760674
1304,-1.5341657157065056,0.4789721154752614,0.48593060953581035,-0.26605180131564854,0.07589408938325198,-0.17723343199652392,0.1578621634352184,-9718.738004083045,-5.281171242362255,0.04498983120678588,-5.608415374997732
1305,0.0008576144131358346,0.33682982945455475,0.39238622708566684,0.27091037505788,0.18329992423154207,0.09628889564903095,0.1578621634352184,-9723.118985531697,-5.358842132042671,0.06853753701709346,-5.053566570387808
1306,0.0010141698070126179,0.322589277064422,0.3881405471135006,0.28937977111815355,0.1859502352741977,0.09206801377635558,0.1578621634352184,-9723.533084672392,-5.198254237137417,0.0694313362626959,-4.984095921765869
1307,0.001210694384116362,0.32510854251250737,0.37981317637075585,0.29519332037365675,0.18743805747942033,0.08993325880870781,0.1578621634352184,-9723.804242886235,-5.123541238665499,0.06992413501341294,-4.919148342291204
1308,-1.5871495853778033,0.4258376102112921,0.41742500856983883,-0.15383474267872865,0.14401700753577776,0.14108739220084165,0.1578621634352184,-9719.947184100849,-5.0614878563082035,0.057743043328118325,-4.896462071256935
1309,0.000945185573278976,0.34241487292123063,0.37070427187549015,0.2868594928120053,0.1877051727441506,0.08711310694265267,0.1578621634352184,-9721.933239333033,-5.020255875512716,0.06988875818295023,-5.190023174821148
1310,-1.2775719627355286,0.649527013603932,0.3112565522887937,-0.20998148153427032,0.06357201840622455,0.18020826362847553,0.1578621634352184,-9717.927705159387,-5.055813144721828,0.04369381496004718,-5.112840282883629
1311,-1.5067164919767961,0.5146079798525343,0.4443638574403879,-0.2525723753701025,0.07387709599411607,0.17708306270264257,0.1578621634352184,-9717.807498494127,-5.05059061056243,0.0446852372331391,-5.018709413664368
1312,-1.570537305057139,0.48209642918362294,0.4771191441498751,-0.26505282968192256,0.07547675554861809,0.1765687951565497,0.1578621634352184,-9717.871704111525,-5.019386713555684,0.044847550473950476,-4.965719018346195
1313,-1.4261438195979,0.5710398694488182,0.3803595662568855,-0.22870733508510488,0.07346508600523048,-0.17636152076534878,0.1578621634352184,-9716.790316711598,-4.990499837568072,0.04469514889749289,-5.073704629389653
1314,-1.55648871962824,0.49269049374993235,0.4560648562528108,-0.2511211017202505,0.08017442384306264,-0.1741090740494221,0.1578621634352184,-9716.874039423468,-5.0077206442907425,0.0454490488033644,-5.192929808960537
1315,0.0009398273117921076,0.33390697540568737,0.36906672940094676,0.2970486102592047,0.192411627147852,0.076527650222167,0.1578621634352184,-9721.02794315234,-5.115828572947372,0.07141610009309235,-5.400295111461773
1316,-1.1441263358201668,0.7444745826586951,0.18695068299551626,-0.15279509130391816,0.06899431757193795,-0.1780500100167891,0.1578621634352184,-9717.81814142343,-5.156071879336999,0.04463633863703406,-5.207817076306304
1317,-1.3296864597739062,0.6477525592022711,0.25695093146678794,-0.1616950537597264,0.0875314525344258,0.1715588452184803,0.1578621634352184,-9717.58933567659,-5.149427547021828,0.04694118529747038,-5.374838477910059
1318,-1.5707959641493683,0.36022351381443646,0.4046825511123847,-0.06954633317470177,0.1735520660752378,-0.10625184279447888,0.1578621634352184,-9716.510901541309,-5.236478160567437,0.0653230730458161,-4.631510699909002
1319,0.0010132741840434751,0.34453613420732787,0.3216948276858309,0.3336006534726431,0.17855463753417866,0.1009051052386304,0.1578621634352184,-9721.449846431959,-4.997180628895713,0.06702025830741627,-5.000564408418593
1320,0.0013735867466709221,0.34010543121930004,0.3282178682834907,0.3315989641979588,0.17997191228491252,0.09859664494453602,0.1578621634352184,-9721.366820362124,-5.0464063051058305,0.06745644587349998,-4.901834616817267
1321,-1.3962818525896536,0.6026947213912384,0.34377175771547924,-0.21588397749375754,0.07186684419467484,0.1778399683536146,0.1578621634352184,-9718.114167604379,-4.967986051863869,0.04457517011720279,-4.851221756493497
1322,0.0010562583996353968,0.32388202421029677,0.3382675275669683,0.337599808935777,0.18648570032645095,0.08684583503770475,0.1578621634352184,-9721.114909131149,-4.954442182817035,0.069532269282644,-4.969860999679863
1323,0.0019462868714976646,0.34145181661287954,0.33875045823942995,0.3197120710761545,0.18007701454691621,0.09813753561830454,0.1578621634352184,-9721.044856133823,-4.96758023365798,0.06745871826757066,-5.272208326142465
1324,0.0017761820510688653,0.6170887539242812,0.17350137377371308,0.20943510415599614,0.1169428667908212,0.15895053088662997,0.1578621634352184,-9721.484739357862,-5.09030977203887,0.052066975673914065,-4.672836580861991
1325,0.0011042134216968577,0.41095516602638094,0.3195310040181678,0.2692552235507143,0.15913726201298034,0.1273132449767854,0.1578621634352184,-9722.518587495275,-4.914638257554834,0.061408804727447926,-5.039624134687444
1326,0.0010779170437925814,0.5693508489540264,0.23893023975114513,0.191540374680217,0.12382319443327089,0.15621799807121245,0.1578621634352184,-9722.641762566915,-4.986381180786277,0.05334054027144528,-5.387262762469587
1327,0.0011449846542699337,0.3797747251601059,0.34195120564443204,0.27812614191825813,0.1704214554728275,0.11557684457013784,0.1578621634352184,-9723.631990129616,-5.135692568858507,0.06463199088653007,-5.4669627960233065
1328,0.0014366530386725547,1.0895714111459296,-0.18545214725084702,0.09599026378222564,0.04547658241572947,0.1844451452856236,0.1578621634352184,-9723.807158431717,-5.218665088844847,0.043606080550966445,-5.077211432395074
1329,-0.0011744460682132467,1.0776863887915142,-0.20061821552475165,0.12248962618639417,0.045001709348415686,0.1844909801357279,0.1578621634352184,-9723.57167774881,-5.145941912255198,0.04326080583199081,-5.430589167664149
1330,0.0015637763827022993,1.0392124601764636,-0.18631905301814275,0.14718344951534712,0.05052513360393731,0.1834075261479333,0.1578621634352184,-9723.939006910012,-5.225443216050471,0.043775784885893426,-5.345702921427073
1331,0.0003153875485763528,0.9984628568949433,-0.17326985184457339,0.17461532242815164,0.055393268754293845,0.18217623646160208,0.1578621634352184,-9723.90529766183,-5.237146097598731,0.044127406477200426,-4.905254528710674
1332,0.0012744861559354963,0.9542680685687519,-0.18198984186519057,0.2276617213845773,0.05772515944308214,0.1820935746311867,0.1578621634352184,-9724.504853941586,-5.095769429606443,0.044110378775304285,-4.8901642503709875
1333,0.0015626582521257033,0.8909521766094337,-0.4358461653370448,0.544787164423566,0.01742186784736626,0.18935788177175555,0.1578621634352184,-9723.987320327382,-5.049474699667158,0.03908697244766227,-5.023036241150537
1334,0.003407514961979799,0.8425774119698906,-0.4162130974217063,0.573850395329467,0.026147809751216812,0.18792461875706123,0.1578621634352184,-9723.98912691762,-5.046936221376787,0.03982747762408787,-4.827599618094567
1335,0.001116625935615133,0.8080390497475878,-0.05805934222428105,0.24988195481560133,0.08016089826012605,0.17636128172339566,0.1578621634352184,-9724.59490915946,-4.972300939275031,0.04653279606126776,-4.9418247969469125
1336,0.0009178489359011851,0.7425274055347065,0.045935348439381705,0.21137542686335886,0.09181810735931117,0.17282924317465193,0.1578621634352184,-9724.422823086035,-4.980111109602968,0.04807130957366283,-4.909649430865131
1337,-1.1851625915221877,0.6801282201238892,0.27685217533683193,-0.1871495237707173,0.0622097686553925,0.18272374963560306,0.1578621634352184,-9719.97874586621,-4.992181804756571,0.043601442508108545,-4.739366387214707
1338,-0.0004652395128557916,0.5654570759963798,0.16381198945211728,0.2703202495999275,0.12082041580021557,0.1578870864884628,0.1578621634352184,-9723.09390809042,-4.900282241213445,0.05262230581315476,-4.88824628409555
1339,-1.3163371113256748,0.582925562168533,0.36170994405241286,-0.20081509626490351,0.07800002017633612,0.17674670934114262,0.1578621634352184,-9718.586648408178,-4.935844836964069,0.04535396211295609,-4.750269186278962
1340,0.000944335257694437,0.4042852278728389,0.32534233520224215,0.2700690253556092,0.1613549595567007,0.12485945599021,0.1578621634352184,-9722.559024676175,-4.866536383155111,0.06200716353184607,-4.575276171132089
1341,0.0017622446825144122,0.9744322054842797,-0.09299662657778032,0.11859320858803238,0.06270582745316512,0.17962530769113416,0.1578621634352184,-9722.233317044898,-4.784713608249804,0.045152926153174025,-4.159668770149458
1342,-0.6598352906849198,0.9215876390954217,0.019857819287701067,-0.07134453395655774,0.06077706149711555,0.18145028080114506,0.1578621634352184,-9720.80034766475,-4.605454265174215,0.044661378908750576,-5.0754937524503925
1343,0.0018425707736259723,0.9251081453503898,-0.052351154210414336,0.1272519126579958,0.06935596685255649,0.18047852370472534,0.1578621634352184,-9725.456368947149,-4.811550122201836,0.04590587597457027,-4.406993769503658
1344,0.001870672609512819,0.9524887842049314,-0.05925058702344849,0.10678175433066683,0.06587174286288548,0.18194352818919068,0.1578621634352184,-9726.12766289404,-4.682165304321725,0.04569379646602664,-4.951191897402301
1345,0.0015550161126049195,0.897960359658608,-0.020589583765725845,0.12254919953470073,0.07246361508124724,0.1805451206632101,0.1578621634352184,-9726.367000112461,-4.80730392221596,0.04622335974909419,-5.090191742399075
1346,0.0018644093907295204,0.8754091411904725,-0.01061601406531935,0.1352280951097214,0.07613944395497757,0.17970282870450027,0.1578621634352184,-9726.615241013918,-4.917000013992292,0.04664125994144219,-4.785758781172141
1347,0.0014861851546183898,0.8833143703241702,-0.008747939139224932,0.12539264535612554,0.07438306844362777,0.1804035554180046,0.1578621634352184,-9726.549435930092,-4.865442282631063,0.04643022749413335,-5.237523092021451
1348,0.001817150195182365,0.9732223897978429,-0.09266959822954003,0.11956375201797734,0.06345716338875806,0.18346456991296975,0.1578621634352184,-9727.205419244157,-5.002701764680631,0.04552911397929878,-5.248650304813757
1349,0.001163880504240032,1.0400971101931435,-0.14993159185879912,0.10985053079314386,0.05482046585442259,0.18531785622322566,0.1578621634352184,-9727.43963465145,-5.076510968310943,0.044840175593996556,-5.464801096998275
1350,0.0014664588407719724,1.0766083474046075,-0.19849615980855914,0.12200774553661164,0.05084491343201345,0.18597689738868114,0.1578621634352184,-9727.969359856383,-5.193176259115568,0.0446299602850876,-5.201110272763309
1351,0.0018094226168645904,1.1198933234392126,-0.525148220060241,0.40537984875958755,1.0686874525717172e-05,0.19320064606322926,0.1578621634352184,-9727.092309002128,-5.1220684398777765,0.03824941374100527,-4.948340420757529
1352,0.0015442572969393067,1.0388429499377083,-0.2107157673910121,0.1719546675956885,0.052782401905061005,0.1854181315238524,0.1578621634352184,-9727.578262354971,-5.049192459070347,0.044430487087491526,-4.949718361187911
1353,0.0016705420994172341,1.0044054271416019,-0.2111033902851786,0.2067842145040057,0.055674403506823955,0.18460446073149614,0.1578621634352184,-9727.334462004343,-4.985987632514109,0.04453861069952041,-5.293238854694447
1354,0.0028700046548558408,0.9614645841972529,-0.18182973612719372,0.2206918485057526,0.06008159797728975,0.18415385097960704,0.1578621634352184,-9727.783726414946,-5.073188593769331,0.044796006165951016,-4.684352173407945
1355,0.0016818988639950767,0.8890972752955055,-0.14797047650215162,0.258869409670814,0.06857754940905998,0.18262694390709686,0.1578621634352184,-9728.564242527416,-4.9216918927532545,0.04554289507653616,-4.816900788694992
1356,0.0012745948199897788,0.8683121884197937,-0.11955575009361283,0.2512311858606166,0.07202168870836156,0.1812266480240971,0.1578621634352184,-9726.927633058189,-4.897027897975897,0.045866446533027364,-4.676862180794537
1357,0.0009851442251321088,0.8569059124530631,-0.10344411679158703,0.246475854576596,0.07468425175345292,0.18062732198721593,0.1578621634352184,-9726.886890826405,-4.836060897015696,0.046223351696231096,-5.023788294611774
1358,0.00203652168226268,0.9447128565818225,-0.18519336698148525,0.24075265528601236,0.06138630866187593,0.18335925402075934,0.1578621634352184,-9725.976928059703,-4.919573497764121,0.04484403625910999,-4.470533987434737
1359,-0.0029542891687400165,1.1575367345906606,-0.4503990742238807,0.29219865630961017,0.01535476794533838,0.19174309191882033,0.1578621634352184,-9726.76792354654,-4.8063281311406,0.040180155815789396,-4.704384120879538
1360,0.0009636050004361436,0.2922548542602412,0.31546511412883965,0.3919612721480904,0.18538219887663704,0.09732716708902865,0.1578621634352184,-9727.662032244949,-4.784806128058704,0.06962398625115275,-4.787103748911555
1361,0.001869694464602736,1.1586196570249125,-0.42363788384018747,0.26525151345599063,0.01686970449800384,0.19143903535813406,0.1578621634352184,-9726.212953382495,-4.8350537998313285,0.040264475125699764,-4.921311342060695
1362,0.0013876621639441918,1.146859205063857,-0.44180775175163656,0.295109696727206,0.016607101813674807,0.19056463681691466,0.1578621634352184,-9725.05932092616,-4.902647789997269,0.040163793416934136,-5.079921609574606
1363,0.0021248029688362463,1.1354583237843991,-0.4380125544364566,0.30285835861561833,0.017995999868859146,0.19046212264293588,0.1578621634352184,-9724.91235730483,-4.976435090998148,0.040266429806270126,-4.930245775975889
1364,0.002344628902759067,1.1222908072851632,-0.43060742024921644,0.30863445770284215,0.019160589654919624,0.1903309874475977,0.1578621634352184,-9724.491699115059,-4.965975025860859,0.04027864982247811,-4.74471168402256
1365,0.0007230536029998464,1.1001854598088285,-0.4218185715490046,0.32157009242570905,-0.020276803320171365,0.18981790836958162,0.1578621634352184,-9723.854830900695,-4.895493008766212,0.040178407296731264,-4.772988324615828
1366,0.0019606263628950175,1.0841227082154958,-0.4187800559360575,0.33481411426918395,0.021067506001419024,0.18953535189518644,0.1578621634352184,-9724.10811415205,-4.858870928589221,0.040159657325853776,-4.837090317986803
1367,0.00148004735991936,1.1248523408162248,-0.42249480215967167,0.2977879866274544,0.01890536372408519,0.18970065956883944,0.1578621634352184,-9724.238992519213,-4.867875549586327,0.040159368868818233,-4.9881780530597695
1368,0.0029420167380699554,1.1601935246030148,-0.3949949450040468,0.2353343031272257,0.016855877238283384,0.1903807559279701,0.1578621634352184,-9723.830007333487,-4.924457658798521,0.039986865934139526,-4.899452355755509
1369,-2.0921675828736515,0.26986838051499895,0.4087955533220623,-0.09453326688776799,0.19392269856834837,-0.07552354659521568,0.1578621634352184,-9720.93113376099,-4.901519676126621,0.07234959635734878,-4.4092495689969935
1370,0.0013242016185352522,0.2703887759308601,0.36465671204368466,0.36470452767306827,0.19561317423093338,0.07402771270603078,0.1578621634352184,-9725.13961335475,-4.729744946020217,0.07296114758880805,-5.508177749848674
1371,0.0010090674383572283,1.1135499763976338,-0.36707549785637483,0.2537635676757153,0.022752385873508613,0.19183389447928492,0.1578621634352184,-9726.212490942235,-4.9953141809819925,0.04049060697346214,-4.971591806091443
1372,0.0014917929376482883,1.0750288309609328,-0.35311045861385604,0.2784123816967079,0.026717926473772573,0.19142169708120615,0.1578621634352184,-9726.51598917618,-4.971431637224954,0.040765145029580147,-5.1007140345954705
1373,0.0009833313103249116,0.23861269163156001,0.3644544625801075,0.39679427873493195,0.18700251762138856,0.08840324095616031,0.1578621634352184,-9724.337207525807,-4.992304075051318,0.07019245072424458,-4.914413546929887
1374,0.0011464708649938692,0.23535200946350066,0.3647457407131912,0.39974362043653283,0.18813506272206626,0.0859808403573597,0.1578621634352184,-9724.221751165265,-4.950903932978721,0.0705840355683835,-3.7500630839005007
1375,-1.8625184828530672,0.3914507907424533,0.5713958628139534,-0.33425887178034824,0.05740119635177546,0.1925279918609611,0.1578621634352184,-9730.463496734137,-4.6280816472206805,0.04286719039616757,-4.686661134313312
1376,0.0011949517612952106,1.233080521087937,-0.41532752681830837,0.18234854458241562,5.89371244672632e-07,0.19913246283424318,0.1578621634352184,-9732.141236465488,-4.7025487291872645,0.038509137718744195,-5.251444786248755
1377,0.001445959144712296,0.2507657304869816,0.35976525183585906,0.3891264158703909,0.19864901440190064,0.08446297017899479,0.1578621634352184,-9734.923158002219,-4.88446495347718,0.07458347679078856,-4.289740705488648
1378,-0.0017329143555599833,0.21426474965439074,0.38715856810865223,0.3973973108556501,0.21668963457529844,-0.029452076275194444,0.1578621634352184,-9736.908420198139,-4.635691575693079,0.08152748383783207,-4.999406192872593
1379,0.0008196873055390458,0.2249966209756769,0.3792766273739595,0.39519095302306284,0.1975084695894341,0.08997763873936743,0.1578621634352184,-9737.738497385377,-4.790707056719746,0.07441723609080753,-4.7510236271018185
1380,0.0015516136800324586,0.9521505612231322,-0.24793618259839617,0.29573974778805134,0.04266549917452034,0.19627830212347358,0.1578621634352184,-9735.832894652567,-4.810863889018438,0.0423073223105916,-5.014754337451595
1381,-0.000609585995797629,0.20128422079897224,0.414552897734617,0.3833494840864884,0.21816831966224043,0.0052564913818906305,0.1578621634352184,-9736.074452428642,-4.880612782509955,0.08213922262950576,-4.373891238762566
1382,0.0014657172204678133,0.19986796241574645,0.41335826082419624,0.38629355914600816,0.21658251951237695,0.027689947894517286,0.1578621634352184,-9736.580304965557,-4.684280987454923,0.08156626170339489,-4.5102100246552395
1383,0.0011763100543628604,0.20377854548315044,0.4153641032022979,0.38025382019659126,0.21884850465698724,0.006922883985219029,0.1578621634352184,-9736.806690902537,-4.684627464872071,0.08241675491807211,-5.378213495246329
1384,-3.852788023987069,-0.5050182094630008,1.5011980058894447,-0.75959190913153,4.8339608398251706e-08,-0.2012351350571503,0.1578621634352184,-9732.516117780613,-4.955959104085516,0.03873732343845456,-5.256256131097581
1385,0.0015143498707715507,0.8004232547271919,-0.09796213733132444,0.2978405967434207,0.06630333494635046,0.19026627715049194,0.1578621634352184,-9734.922963690413,-5.011129996867947,0.044585963293886026,-5.3870498501286095
1386,-2.088907097027526,0.21836467930374326,0.44183392657403675,-0.07516673554075284,0.21499396821670005,2.7097123343174537e-07,0.1578621634352184,-9728.299824137375,-5.100451987903482,0.08055639950855786,-5.521552409883614
1387,-0.00022625405557641603,0.22616561782431654,0.40714219038511945,0.36645795759468724,0.21596111914401211,-0.0022964830534656653,0.1578621634352184,-9732.577952487536,-5.20524518624171,0.08090174906365963,-5.508448136185851
1388,0.0019194122275434647,0.23537057268497652,0.41549138012190423,0.34938950500583166,0.21650554986918308,0.005167472588582963,0.1578621634352184,-9733.049734535412,-5.286790859077604,0.08103398570713018,-4.6734077242000005
1389,0.00145448197761679,0.23260625245217115,0.3698875817939972,0.39752352199432817,0.21415823302241727,0.03535147490245012,0.1578621634352184,-9734.782874860946,-5.01675681704642,0.08033359319404842,-4.82732460929088
1390,-0.004264161500440666,0.24342139031244853,0.360329104973398,0.3950279114002797,0.2109213673628469,-0.049889548260148325,0.1578621634352184,-9734.557727750163,-4.974897077876202,0.07903486894868746,-5.217874928665679
1391,-2.110967385040759,0.23463992289696467,0.3972280823662514,-0.05110847794477198,0.21770645244924686,5.6317523875378725e-08,0.1578621634352184,-9731.687809128909,-5.086014714357326,0.08164185758225864,-4.948855373801616
1392,-2.0213603498318053,0.360958401267616,0.6073602334305291,-0.3657057842337613,0.04615721719912633,0.19598091067000556,0.1578621634352184,-9731.751514541003,-5.057938991264253,0.04168637846043578,-4.780581188819869
1393,0.0009643299293682308,0.23348809183849023,0.3708932529401249,0.3954251017178384,0.21766228369882262,0.009725354028150775,0.1578621634352184,-9735.167454472581,-4.896924067958525,0.08168316780748251,-4.757818581793891
1394,0.0009697588071206447,0.23498090317489997,0.3757741372070189,0.38904547390337324,0.21794433838112862,0.002681355467715439,0.1578621634352184,-9735.09091121863,-4.875435189851123,0.08176499515950605,-4.655000141262517
1395,0.0008616865976133061,0.23779994685255756,0.37655698367830603,0.3853575574291924,0.2183428722861671,0.001396450896303306,0.1578621634352184,-9735.427457202875,-4.819197378929539,0.081908617043705,-5.06466003238488
1396,0.001465449228790852,0.23421633127349928,0.3824675969413798,0.3831657909975068,0.2181000770474496,0.0014598988385697152,0.1578621634352184,-9735.110233581869,-4.910301462954838,0.08182372246875529,-4.9521572582844335
1397,0.00015134307448188883,0.23466453281018607,0.38288876043759223,0.38205137281241947,0.21814490692472144,0.00010981872777982008,0.1578621634352184,-9735.103075772333,-4.919861784860954,0.08183556806019794,-4.851436543962959
1398,0.0011097649841063381,0.23492775413123623,0.38104778823721586,0.38373265935647904,0.2176673383891583,0.0020088759011030704,0.1578621634352184,-9734.529947034209,-4.897915728687967,0.08162695050520666,-5.035616256800134
1399,0.0013896347348205356,0.2328017603943502,0.3804789660408342,0.38653289309187167,0.2176486848552651,0.0013014625457866721,0.1578621634352184,-9734.613085102901,-4.95016208521062,0.08164331510371087,-5.055813125821983
1400,0.0018621933704490287,0.23256731141825762,0.3985613173483,0.36888806483092895,0.2171994150264376,0.0031651106361854173,0.1578621634352184,-9733.854070465215,-4.995593261641762,0.08140328561763671,-5.133673737833624
1401,0.0006164573260365689,0.23416944869600076,0.4023454044064107,0.36332383496311804,0.21740314970936847,0.0004167797304839326,0.1578621634352184,-9733.946290833946,-5.025987017343226,0.08146473382850893,-4.845033776622609
1402,0.001462957211348311,0.2344395009541143,0.4023687149691627,0.36316804252018914,0.21754180480800728,0.004387953300349167,0.1578621634352184,-9734.172822162183,-4.951880550300994,0.08152734993524181,-4.862190928045531
1403,0.0014540925413034985,0.23433900446733238,0.39819918345963,0.36741945525528963,0.2175555347731019,0.0030919770078003507,0.1578621634352184,-9734.21281463171,-4.936518528231152,0.08154269141848583,-4.245155391895275
1404,0.0009111235987896752,0.23219565435742223,0.3918199932350813,0.3755434360843535,0.21859661168910788,0.0002938825734122096,0.1578621634352184,-9735.973470953031,-4.717447979688609,0.08203938392659038,-4.6306071985136885
1405,-2.114115469002728,0.23354036777765064,0.40995890159007786,-0.06399843910788633,0.21844684603111109,1.445046540788001e-07,0.1578621634352184,-9732.880597123834,-4.741205735574974,0.08198061820607025,-4.68458573182739
1406,0.0016149756992691307,0.2364695597232065,0.38966070014740195,0.37352739320138917,0.21859395097119805,0.003954552169935925,0.1578621634352184,-9735.957251683985,-4.736502693298269,0.08200143643557388,-4.9617228049860955
1407,0.0003447636801835849,0.23467098684819948,0.3845472157593741,0.38020142906077126,0.21838379794514945,0.0032479590851900463,0.1578621634352184,-9735.754248966481,-4.8236430427731305,0.08193764621141127,-4.8260459023505415
1408,0.0008139235263698371,0.23562683851576277,0.3863549405063742,0.37752046280029383,0.21841435788446467,0.0054768480549950895,0.1578621634352184,-9735.784898521579,-4.803804027815897,0.08194002796963118,-4.8350758345279505
1409,0.0005279732170641669,0.236445935972326,0.3819862057204096,0.3810511991330492,0.21827104835037597,0.00471958717911674,0.1578621634352184,-9735.618399255718,-4.830514286908776,0.08187774914336902,-4.234408761312707
1410,0.0006208457137856095,0.2432831264612591,0.3931392906108893,0.36283949094700074,0.2200448576346225,0.007637865079069442,0.1578621634352184,-9737.600245600264,-4.627105938826925,0.08257306229727193,-3.224854284270549
1411,0.00046179772702248877,0.2878144181750872,0.36924770289277986,0.3417509988293195,0.22971833919675014,0.0013472851013373876,0.1578621634352184,-9749.02701263117,-4.178715762972984,0.08659755385772175,-3.8311740081603425
1412,0.0013469963086464435,0.31147469834178476,0.36391872954224014,0.3235114868514794,0.23074404780360686,0.0029689781243572725,0.1578621634352184,-9749.740499603588,-4.196089698131827,0.08688044572052969,-3.8667227674648346
1413,0.0010779034228836416,0.9397070599737368,-0.06860378712371382,0.12847548916516383,0.08337894172496557,0.19124664991922607,0.1578621634352184,-9749.692254211082,-4.108398560128763,0.050123535617141605,-3.742298608320064
1414,0.0017077171676421737,1.0653791003825188,-0.20620132820761317,0.14061953233841917,0.06122351096802345,0.19643819827660375,0.1578621634352184,-9750.095977982985,-4.06179902476509,0.04759557375498634,-4.570074654884305
1415,1.0477306480918137e-06,1.118999743396507,-0.3364863485645144,0.21707436188999907,0.037945872931113594,0.20171766550772025,0.1578621634352184,-9750.192538183695,-4.348623375682386,0.04404914567741326,-4.100656397786189
1416,0.0022000254856875618,1.085152455851512,-0.3067947498304394,0.22159218437085443,0.04444610576172839,0.20060488632676504,0.1578621634352184,-9750.175069578327,-4.338412976142497,0.0447123193441256,-4.243535399244538
1417,0.0023155239825320664,1.025642439581437,-0.26257063870189556,0.23681960866564417,0.05508195527695302,0.19839972761450225,0.1578621634352184,-9750.050110429573,-4.375598747106501,0.04580883304858078,-4.237702849205994
1418,0.0005751910200679759,0.9358112151257647,-0.18832952305959683,0.25195502674578285,0.07169455367262723,0.19460518817509825,0.1578621634352184,-9750.058145669118,-4.366974525153065,0.047678486935458377,-4.528965631832443
1419,0.0017014681612742923,0.839352012165029,-0.11877754644007603,0.2790050524263205,0.08852305632080411,0.19001340100322073,0.1578621634352184,-9750.155485062465,-4.440775149836617,0.049772102816316534,-4.012917256839074
1420,0.0008491580421825695,0.6818706612512471,0.06749383421637511,0.24987674086892342,0.12084120488537173,0.17886505440720604,0.1578621634352184,-9750.774223462793,-4.278838752086083,0.054906465864290585,-4.3925577204897115
1421,0.001900293005913279,0.27157922473861057,0.373010927100375,0.35442146247906225,0.2293871691778248,0.003603338550435962,0.1578621634352184,-9749.133312547257,-4.349688561587794,0.08659316553190716,-4.846863606667679
1422,-0.8664495011575704,0.8610467110652515,0.07419869081835428,-0.11097108334217695,0.06850933495270373,0.1979113757341373,0.1578621634352184,-9746.849195277484,-4.5820411003184445,0.04676700294781131,-4.598212750080527
1423,-0.6110505297172841,0.8163509774498714,0.09447894279596081,-0.033768372172526956,0.09143794778164266,0.1898620927563236,0.1578621634352184,-9746.060253928468,-4.60043252408357,0.0500114498808999,-4.687222502762355
1424,0.0019098697197649285,0.28369956488779546,0.37589175608531133,0.3397231428003352,0.2262974202738504,0.0035428816327277273,0.1578621634352184,-9744.604885198502,-4.547496282853109,0.08504457199622233,-4.45931935557644
1425,0.0011576925785760916,0.6870874006982925,0.13107605025848212,0.18156182461247605,0.11875351430921513,0.17598317859006057,0.1578621634352184,-9744.665491612774,-4.511106208387642,0.05422264317512973,-5.062357505286974
1426,-0.0018941842410020136,0.28238404599268463,0.3961204537127366,0.3202343084547969,0.2271306113055097,-0.0040642919550499465,0.1578621634352184,-9745.7724526564,-4.722345981225202,0.0853873914022271,-4.009858431145319
1427,0.0009653718996504512,0.27000948234235017,0.3805507613517428,0.3484586503333176,0.22869342136297954,0.0021648102721964204,0.1578621634352184,-9748.346768754142,-4.397969241873004,0.08626477243282275,-4.588083526631947
1428,-0.9705209270731998,0.8401673730051848,0.10649843872007761,-0.14367373743010106,0.05830878711709086,0.2002233558405997,0.1578621634352184,-9745.901196450352,-4.624770088137846,0.04503477844618053,-4.146779914545868
1429,0.0007535315604488173,0.8568368880536359,-0.0009583297339706357,0.14385009455864506,0.09062594098924542,0.19071465496416445,0.1578621634352184,-9748.905635118166,-4.368134397009813,0.05038708439968692,-4.089824345808188
1430,0.000574379702353591,0.27180398169470277,0.3952765696329591,0.33180656735783837,0.2297699241485604,0.0010830681790907355,0.1578621634352184,-9749.40325196795,-4.294026017088657,0.08670878864699771,-4.129459436712612
1431,0.0009858597244979668,0.8574119906224673,-0.0007666154423015025,0.14305844764239511,0.09334279341735614,0.1898496825891144,0.1578621634352184,-9749.465167785165,-4.251352505311482,0.05102129391104257,-4.037572302488803
1432,0.0016469700907793606,0.2752956541745155,0.3995408369012109,0.324161537367482,0.23001001483194,0.0020558843346936834,0.1578621634352184,-9749.57673468923,-4.198620946426635,0.08677847635331405,-4.980184894821055
1433,0.000855125112407768,0.8888306624612432,-0.03764897338748323,0.14856287557870596,0.08743861490473372,0.19446069879625022,0.1578621634352184,-9753.01872868943,-4.506543752278559,0.050369731337478026,-4.6852538034348585
1434,0.00044840862060052856,0.8592904294388202,-0.008302462083807083,0.14872681333903576,0.09254910239363742,0.19257061044341622,0.1578621634352184,-9752.863925610083,-4.556787279193314,0.05101824146853659,-4.7649749942874156
1435,0.000990966348077838,0.7826766152666704,0.05574870942875666,0.16139918101363537,0.1050129620255901,0.18813866413972877,0.1578621634352184,-9753.022401947648,-4.610830792062405,0.05267652932419248,-4.86372262353409
1436,0.0011253511150496223,0.8598580945475507,-0.05219081435605366,0.19210260135531038,0.09427903976736252,0.18949848229103944,0.1578621634352184,-9750.685195480422,-4.689635408913424,0.051259182913384875,-4.554189983371591
1437,0.0013532332872584546,0.9282339721376686,-0.09521244853370825,0.16687296464157422,0.08291776298388709,0.19311224224023005,0.1578621634352184,-9750.673713525008,-4.618759915773148,0.04987896643022278,-4.7153518501153275
1438,0.00012917591583830193,0.9547385538617315,-0.12497629380490471,0.16990692845144129,0.07825421796541479,0.19417611608488536,0.1578621634352184,-9750.551993218187,-4.642679132013762,0.04930977313369878,-4.893549190981
1439,0.001693421719223476,0.9457332456540446,-0.10819050539114147,0.16251385823573633,0.07986451024285043,0.19378326053983555,0.1578621634352184,-9750.560256098572,-4.714793574000215,0.049503770918636544,-5.10210718904755
1440,0.0012851940687603714,0.8501258689096838,-0.0266020368686967,0.1765291277015576,0.09664680152363811,0.1879088328485466,0.1578621634352184,-9750.491037793281,-4.829830956902553,0.05158497266245881,-5.138582735900903
1441,0.001840128184549207,0.8628987577036209,-0.03519550176077786,0.17239985277297293,0.09489468143026496,0.1873531580643928,0.1578621634352184,-9748.63757114179,-4.902087647417176,0.05132472904790903,-4.913397227568338
1442,-0.757422000114149,0.815296707990448,0.08199099648734301,-0.04902201622079296,0.09520021013007109,0.18777439963468903,0.1578621634352184,-9746.025671315705,-4.931465345601625,0.05083755828045381,-4.575002629780168
1443,0.0019030186951303472,1.1870006261155406,-0.4448096374273445,0.2579679002273927,0.017757596881841562,0.20211113322802138,0.1578621634352184,-9746.280126837453,-4.688961160012173,0.041873104405968545,-5.045960577637116
1444,0.0008476477896127194,0.2854846554282081,0.37354442872103544,0.34047121592469864,0.22897962808495864,0.002792749094558935,0.1578621634352184,-9748.973610384453,-4.861927958192464,0.08627122594063971,-5.190954274692523
1445,0.002348536847337792,1.1656760512993452,-0.400491943766428,0.23514741541828932,0.024989683128547775,0.20216259662660344,0.1578621634352184,-9747.375694430935,-4.856998725032596,0.042538555237243515,-5.107691555712228
1446,0.0013928132374773274,1.1566590734108142,-0.3923746960174658,0.23587368718860646,0.026565588742469136,0.20202505399091042,0.1578621634352184,-9747.554405753952,-4.886741339541798,0.04263484540357251,-4.818054758285977
1447,-5.28730613180164e-05,1.1313354018928379,-0.36345618540191726,0.23202093749060645,0.033140775744289,0.20049234973886124,0.1578621634352184,-9747.023150443343,-4.835359565171569,0.04333888432853118,-5.172430214918376
1448,0.0018950011643675078,1.1232089236548388,-0.36372415873313757,0.2408079838375698,0.03333706063875697,0.20108691865663286,0.1578621634352184,-9747.893667361865,-4.914716082568488,0.04329893798642732,-4.7874792751973905
1449,-0.7070282810034401,0.8596820486213668,0.025380050834708463,-0.026012652902957574,0.08945265128479932,0.1890343889770824,0.1578621634352184,-9744.754784943449,-4.913507495841824,0.05004053363750216,-4.901043374539607
1450,0.001420325410689204,0.9343007369503494,-0.14621668405917218,0.2119592772869507,0.07536325904170209,0.19207736621000332,0.1578621634352184,-9746.35687731313,-4.850046520419649,0.048182627488186344,-4.923427478509203
1451,0.001788703064188696,0.8849071101403905,-0.09460133064346446,0.20977250773886247,0.0838121437000303,0.18978046944303767,0.1578621634352184,-9746.170513611636,-4.8636017072298,0.04915842444004733,-4.748876471137192
1452,0.0010495757169136336,0.7968689006350838,-0.03934570398517366,0.24240337418473984,0.09784710619432804,0.18457654168437176,0.1578621634352184,-9745.790303414267,-4.815853806644116,0.050902473200082135,-4.9427652790033125
1453,-1.0255052620724325,0.6844537145856022,0.20284999749435964,-0.09221734109343208,0.10816655802684466,0.18016271459596034,0.1578621634352184,-9741.217808272946,-4.884554676298671,0.052018909339497134,-4.878176070515634
1454,-1.0098082448898262,0.6927196977451677,0.19531582769321115,-0.0897669939691512,0.10715340132790027,0.18057456521997034,0.1578621634352184,-9741.205728306491,-4.875459453738809,0.05187629596078444,-5.165125922221534
1455,0.0015168086775385803,0.77438917059544,-0.0029797736981349125,0.2285699226840337,0.10186802445878393,0.1820525592680905,0.1578621634352184,-9744.051701769431,-4.966713145096835,0.051386232149365725,-4.59043199371521
1456,-0.9980408333924606,0.73183226093454,0.16131681542241577,-0.09272642765319633,0.09999041377487419,0.18394498069144088,0.1578621634352184,-9741.944629126501,-4.814487613065139,0.05084465531915516,-4.7577263822892935
1457,-1.0614831824761057,0.6822814307313845,0.20884704371113444,-0.10329233881507907,0.10639835208256537,0.18130057469187605,0.1578621634352184,-9741.68155725796,-4.8030769446832275,0.05170490519041342,-4.780217649846429
1458,0.0014105340850504673,0.7822413246738328,-0.02536029921319833,0.24293424836059097,0.09870433662267006,0.18301172940447352,0.1578621634352184,-9743.83626654383,-4.80020197421694,0.05079985086393931,-4.42091136355334
1459,0.0018332485456949348,0.8394018627074826,-0.03872191884627198,0.19929446775003296,0.09237586409632978,0.18557246685869744,0.1578621634352184,-9744.16849490652,-4.671846386701414,0.05019698562907289,-4.809761807124802
1460,0.0013616282188410374,0.8966868501638497,-0.08814279678363393,0.1913925090152772,0.08257155291133647,0.18874290616309203,0.1578621634352184,-9744.248998006295,-4.746200404761509,0.04895904166634116,-4.83660537014329
1461,0.001485661441762722,0.8933807638198802,-0.08791062217995801,0.1945222010346708,0.08284764440461727,0.1886146190363661,0.1578621634352184,-9744.203770693524,-4.789143373322746,0.048966453487817946,-4.956615546394724
1462,0.0003653795022599186,0.847087617272135,-0.054807991375086976,0.20750146072713177,0.09024683290831235,0.18637833738406756,0.1578621634352184,-9744.298261331214,-4.851931973782585,0.04985984212881282,-4.777019168745797
1463,-0.9993111208464398,0.7211335340879195,0.17465096663889274,-0.09514202284881958,0.10066595084743016,0.18375359333716126,0.1578621634352184,-9741.876234312203,-4.806718823055836,0.0508858283995785,-4.981375373672903
1464,0.001761997104123635,0.27099210958062414,0.35496081937628376,0.373695427324401,0.2243228745848897,0.012461090855819257,0.1578621634352184,-9744.191591722712,-4.875299982733324,0.08434879634429748,-4.865839875915073
1465,-1.087135075256827,0.6588154834056712,0.2265978185327672,-0.10215137236865719,0.11068758005532682,0.1794916172670501,0.1578621634352184,-9741.688466916828,-4.860781675229385,0.05237193734293254,-5.019454547556216
1466,0.0003880057062422745,0.8100633033501494,-0.020696771767839666,0.21033741260789302,0.09609356548908785,0.1842507796364121,0.1578621634352184,-9743.892031039464,-4.902395078308696,0.05058223666372026,-4.83067368831005
1467,0.0010406966677707586,0.8269234490700658,-0.036272126093866666,0.2092047797909932,0.09321379890952702,0.1852155977370301,0.1578621634352184,-9743.856353927498,-4.858647698167781,0.050194920358586276,-5.363677117233578
1468,0.0013926270583341249,0.8699579865709614,-0.06364272767936827,0.1937182565346075,0.08776321030115078,0.18794062057312488,0.1578621634352184,-9745.331829857376,-5.026593564205408,0.04971296543658316,-4.351970149509815
1469,0.0011982666316314237,0.8975945134244077,-0.1087024484713845,0.21103789826592506,0.08062060600915422,0.1922348487127915,0.1578621634352184,-9747.896669330059,-4.755417266698542,0.048767870524085814,-4.686533720069861
1470,0.00220398333728394,0.7854601599933364,-0.026809568493665135,0.24144266519140917,0.0984457293573629,0.18639409724778244,0.1578621634352184,-9747.865309222558,-4.741574042657909,0.05098672496772352,-5.1351461888288705
1471,0.0013352256639672304,0.257733961264798,0.37086600330830044,0.3709731563885698,0.22654369177125738,0.010189966345684545,0.1578621634352184,-9747.246543616515,-4.9061376675455595,0.08544317505731651,-4.803168992830857
1472,0.0014948898442279299,0.2552110474591941,0.3723108897503369,0.3720219569047226,0.22643775029488672,0.010370436348941192,0.1578621634352184,-9747.278402501472,-4.839426464524244,0.08541677136169415,-4.656058434177635
1473,0.003182379455439615,1.1295242022810932,-0.32067692315208207,0.19148794637839242,0.03636307321918701,0.20118941416411756,0.1578621634352184,-9746.857912934158,-4.768148808129278,0.04366645731255943,-4.715799364981723
1474,0.0013844597488493172,0.2558786556374494,0.37023341644564245,0.37334209974530985,0.22660533468646846,0.008877571349482253,0.1578621634352184,-9747.36962104607,-4.7748399217351265,0.08548765103761019,-4.762695297565727
1475,0.0009203989479487479,0.2552362635779861,0.3700747315101403,0.3740511286512349,0.2266646684324441,0.005582911547789121,0.1578621634352184,-9747.327506947619,-4.785280135893903,0.08551376244979556,-4.324059695549042
1476,-0.03341615860439527,1.030270114593471,-0.19378992212564264,0.15653297663616375,0.060494067166604285,0.1976749096450175,0.1578621634352184,-9747.889825204542,-4.6290613208096305,0.046601426446697236,-4.416093052448285
1477,0.001217881318024272,0.8264013192678616,-0.007001061561325916,0.1804440715338809,0.09437692454387119,0.18823029044603853,0.1578621634352184,-9747.994077921958,-4.575748551301396,0.05063728786117851,-4.961358362485249
1478,-1.031420574993357,0.7076552654476791,0.20778057572468053,-0.12069135030432698,0.09392324573538005,0.18977742944515374,0.1578621634352184,-9745.80513665012,-4.754994120226492,0.049766148201230924,-4.158801226605579
1479,0.0010691956885745158,0.2538738369115781,0.3843126613024389,0.36097107950274143,0.22794501808596976,0.020222182632648095,0.1578621634352184,-9750.283862929133,-4.519665159121144,0.08613818837931594,-4.5083377569068155
1480,0.0022683279716584244,1.1362097892640475,-0.31826491408072577,0.18220718514689566,0.03703656707360729,0.2026934147460566,0.1578621634352184,-9749.719302990086,-4.588007073541976,0.043992325042586475,-4.866598884317583
1481,0.0017225030708610794,1.1391701457450054,-0.319613071485345,0.1805346231309482,0.0361765168850078,0.20315790526954608,0.1578621634352184,-9749.8669470082,-4.704723207918869,0.043870318715253306,-4.6472797305553275
1482,0.002204316286279261,1.1305204901806516,-0.3353993985822068,0.20502512523283753,0.034576306463264525,0.20312583298762232,0.1578621634352184,-9749.48555442995,-4.701859794978971,0.04350858952596131,-5.221276169361342
1483,0.0011373757834863172,0.2538786522732823,0.3760904868990046,0.3694798996454838,0.229736999018072,0.017048398496975665,0.1578621634352184,-9752.2649947098,-4.848746156227365,0.08697706301856442,-4.974135706564986
1484,0.0012974184519070416,1.1103939262093792,-0.32895944036517666,0.21856302768560237,0.03821030954836985,0.20339340489322583,0.1578621634352184,-9750.898675021932,-4.892033934691111,0.04400120689702025,-4.013476756751634
1485,0.0009007150884446754,1.0890043632656856,-0.32262107880748414,0.23345451213177584,0.03894797638219846,0.20685179428623923,0.1578621634352184,-9755.373119339623,-4.606576732175502,0.0439802238735576,-4.270927544695754
1486,0.0006384750466519444,0.7723616126203392,-0.006572889275497935,0.23372448681795566,0.0999382640400332,0.19201570792047915,0.1578621634352184,-9755.397734485758,-4.49078498440918,0.05147745946309711,-3.7993626967714804
1487,0.0012120460025870964,0.7860607505352275,-0.053874087889676826,0.26734201155625337,0.1011709006799892,0.19192775881741492,0.1578621634352184,-9757.89631818655,-4.285317120718846,0.05208714969151582,-4.427496655701654
1488,0.0013268775892883791,0.7352596576793504,0.04345138679838395,0.22082023984656243,0.11093797989856682,0.1890968493395299,0.1578621634352184,-9757.647398125784,-4.406646859919387,0.05356558013475997,-4.682139435563337
1489,-0.8790896823263172,0.7006001139459505,0.20337536449156243,-0.07916653622539041,0.10851658181628368,0.1909019986303317,0.1578621634352184,-9755.673518558826,-4.553789653300328,0.05295429714702295,-4.364886482913266
1490,0.0015792240489774442,1.1194723719132615,-0.27501195017114227,0.155405300919141,0.040203635435849434,0.2080601520925465,0.1578621634352184,-9756.95853934268,-4.477958215039063,0.04444181907656147,-4.007356304789127
1491,-0.5404690120439918,0.8754511092118773,0.037861849880912325,-0.021647739735947465,0.08813911770752368,0.19752088347106186,0.1578621634352184,-9756.278950147349,-4.365107609435574,0.05061642161565845,-4.396809571496394
1492,0.0017520333993489207,1.0321930060083986,-0.2074202604065815,0.1749672853936321,0.05470975823715822,0.2051458217391901,0.1578621634352184,-9756.800951191724,-4.4041145185948904,0.045906287506592626,-3.8943030299109775
1493,-0.001823291889245505,0.9181969297973568,-0.09798161347839984,0.17864278664248073,0.07606148005029933,0.2010598547847003,0.1578621634352184,-9758.241816339796,-4.25695952086598,0.048506411157320184,-3.811340980371489
1494,0.0009431081247129474,0.8101571209599905,0.018057767037987706,0.1710684549081069,0.09876592628679395,0.19458783446433053,0.1578621634352184,-9759.183748081969,-4.136100675723384,0.051879794819496845,-4.1227563427174365
1495,-0.6640075062386677,0.7446388595002214,0.187674090203158,-0.06546696713981677,0.10515857843559151,0.19316997731786817,0.1578621634352184,-9758.007717776309,-4.2183127019185775,0.0529193559377692,-4.116559675704222
1496,0.0009340744207883887,0.6753090423407639,0.1584142697140783,0.1654744668734543,0.12337417343300365,0.18475460427065932,0.1578621634352184,-9758.99630948,-4.191651181683382,0.055896371647158494,-4.483709632258499
1497,0.000833431591431613,0.6123521930279257,0.1916246256282331,0.1951218049705344,0.13415598902788728,0.17933663915210118,0.1578621634352184,-9759.339356378558,-4.323032685344825,0.0578416768181014,-4.0412398120186355
1498,0.0007329160202616902,0.5707508874910125,0.2560609308867262,0.17229204629355666,0.14210550200845,0.17499437486102726,0.1578621634352184,-9759.195418777797,-4.212894622884322,0.05955760167057446,-4.5212093615368865
1499,0.0010540467193486307,0.6517408569641033,0.17621671824651014,0.1714124087441266,0.12828735529542062,0.18262242121346417,0.1578621634352184,-9759.358166025699,-4.354092594166413,0.056846884321093874,-4.307431348611424
1500,0.0009501736872066337,0.6832717802895449,0.15827112784842995,0.15777286685606673,0.1203007970231271,0.18609979790697267,0.1578621634352184,-9758.462788003366,-4.3330799947175525,0.05525493850569802,-4.0880896158419695
1501,-3.082990655314757e-06,0.6944999396266682,0.15340696752048608,0.15111084688034343,0.11834462287279054,0.1863135397814748,0.1578621634352184,-9757.881577697199,-4.2503165727952945,0.054890029650954866,-4.573513650892056
1502,0.0008992215937558096,0.6603745454033176,0.17727227784431196,0.16164375721483118,0.12523366355479565,0.18292954028612884,0.1578621634352184,-9757.629487862647,-4.385358204663333,0.056131811672387386,-4.556889893932433
1503,0.0010623374038668705,0.6633178293008992,0.17279497326332927,0.16322230079923827,0.12510880646043662,0.1830137957681382,0.1578621634352184,-9757.778917026264,-4.436401478546252,0.05613365497626865,-4.417790414917591
1504,0.0007371917881305313,0.6776839518344556,0.1657340721166026,0.1558662635658016,0.12237806900473819,0.1843922102380195,0.1578621634352184,-9757.795329731216,-4.412588794167552,0.055654349622121145,-3.9368421561471307
1505,0.0008216311247040845,0.6490822769741834,0.2011779595831059,0.14890238703338343,0.12745638776484702,0.18273526528771383,0.1578621634352184,-9758.817177525274,-4.233240915911053,0.056647338486993444,-4.306635179995802
1506,0.0012459951586611291,0.28171853386763174,0.3648058520760749,0.3520125498312022,0.23512634760910545,0.015452538763929153,0.1578621634352184,-9758.461689234002,-4.299252343550285,0.08925114706516812,-4.205495447779355
1507,0.0009943786380580374,0.6579620709257857,0.1953528992980776,0.14591434969357614,0.1266193712083746,0.18250543313233458,0.1578621634352184,-9758.059843677882,-4.265149158742418,0.056511788171565665,-4.200565638821894
1508,-0.00054132755581328,0.719871492789264,0.1520409976873024,0.12707533565137968,0.11526345426928833,0.1878542462754258,0.1578621634352184,-9758.082510658049,-4.2496984265176865,0.05457268571219546,-4.773549609704325
1509,0.004584790820262796,0.8320172981442238,0.05980736770986654,0.1083686374069639,0.09411039897468475,0.19696454684462955,0.1578621634352184,-9759.55265479684,-4.437271810951871,0.05142347334797123,-4.709615287456177
1510,-0.492327048402575,0.8144860530674912,0.12869650606493166,-0.04239016555355307,0.09500365705966729,0.19620815617693316,0.1578621634352184,-9757.779421686428,-4.6016430458624376,0.0515393704110743,-4.559305144538111
1511,4.9721479238484306e-05,1.0425865473330358,-0.13505601164670736,0.09195785945321566,0.05994985159350048,0.20504905612013247,0.1578621634352184,-9758.866998899493,-4.506086736765881,0.04740347693273221,-4.439964649940046
1512,-0.39017268710293507,0.8992028605520981,0.04562630335962954,-0.023607039117237313,0.0831631652970273,0.19957150852570527,0.1578621634352184,-9757.60201703259,-4.554044293421716,0.05017085588254387,-4.54737678265211
1513,0.009137904681798498,0.9610352723347838,-0.09397927035602986,0.13408143877375234,0.07108796053194663,0.202244551351534,0.1578621634352184,-9758.554926323166,-4.476433997683836,0.048233910504796196,-4.5646994143589215
1514,-0.4016448137122538,0.8701176175442895,0.06846312036516868,-0.019766537694538313,0.08858664841470718,0.1978417989141228,0.1578621634352184,-9757.385219560842,-4.5854674374673445,0.05080679815870891,-4.001331593983738
1515,-3.8717139848629475e-06,0.8645858772185566,-0.013983725299028124,0.14856199185714358,0.08840927427101414,0.19847143412352053,0.1578621634352184,-9759.725955583262,-4.312808089172523,0.05044093400169981,-4.354026695016721
1516,-0.0023140848283795395,0.7948844269776352,0.04098374719075287,0.16274996058031932,0.09955681826406859,0.19480575684641538,0.1578621634352184,-9759.63235117875,-4.345755627818667,0.051858360339174576,-4.408053122359781
1517,-0.008273585994759169,0.7536562867838061,0.09229515837956671,0.15151489032662022,0.10792952803511983,0.19173662517002965,0.1578621634352184,-9759.17697468565,-4.379485574143488,0.05322028167498246,-4.742829195537167
1518,0.0005237706301443882,0.6901004124915102,0.1280894286188623,0.18102933918641034,0.118951556508585,0.18748769306732538,0.1578621634352184,-9759.910339560258,-4.50944232163741,0.05500781579867255,-5.060596883975891
1519,0.002234245919657174,0.6783145353886872,0.12356957566042526,0.19772588853926332,0.12377592912701715,0.1859736366596395,0.1578621634352184,-9761.59096665115,-4.681507662902162,0.056078027634955015,-4.649768474761222
1520,-0.00827219452983956,0.6946392659527811,0.12651249111899954,0.176351589285631,0.12048117983690548,0.1875396482325753,0.1578621634352184,-9761.337069178066,-4.623261505406398,0.05546565981920556,-4.664091026791956
1521,0.005792596213465714,0.6202095672842317,0.15765913615373361,0.22237877945932893,0.13302060687820072,0.18096437509336738,0.1578621634352184,-9761.302611632209,-4.607644829819347,0.05769348433733955,-4.302152909741486
1522,0.0007317632808738121,0.5870510949597332,0.18942523290631152,0.2227680667610071,0.14290614632861187,0.1751438261846778,0.1578621634352184,-9761.075611122236,-4.4838381033832935,0.05990209484288487,-4.773960562477164
1523,0.0010968414459971729,0.6528362771912661,0.1528489241009514,0.1937314879085919,0.12814291478668544,0.18392898615192604,0.1578621634352184,-9761.340380314285,-4.5971367734020125,0.05686292288766842,-4.364261663180565
1524,-0.00435284632858129,0.6891433287372223,0.1370583432947678,0.1720537380312513,0.12124387396685005,0.18681630841684949,0.1578621634352184,-9760.89041899491,-4.49569606715117,0.05557943591146668,-4.1157849425978466
1525,0.0002855280719570925,0.64627617375333,0.17002922067534892,0.1828322863947427,0.13044141188691571,0.1825603615201687,0.1578621634352184,-9761.23022362781,-4.362783209098846,0.05736663431935872,-4.843096749494388
1526,0.0012413418493980016,0.6806122477700254,0.12436035745219452,0.1945412142439556,0.12433119492239028,0.18600812786342097,0.1578621634352184,-9761.837118158719,-4.559796744738031,0.056266214693522665,-4.840573295955738
1527,-0.0003277990927831226,0.6443692465006929,0.15120547095108286,0.20362541478392243,0.1314460134342007,0.18258118881399873,0.1578621634352184,-9762.164220285415,-4.641680234749211,0.057610813680031736,-4.977028249000487
1528,0.00023186512695412862,0.7632929234236278,0.10583424133419436,0.13027802117286347,0.10894419443203822,0.1917023533297742,0.1578621634352184,-9760.549556919734,-4.732579038166902,0.053735113878838864,-4.644195786239376
1529,0.004642036438083566,0.7282800432957812,0.13111608171830152,0.14084739320510192,0.11415713015598421,0.18970616342564522,0.1578621634352184,-9760.605686418332,-4.663579944618811,0.05447723454794873,-5.011120576514909
1530,6.212446058880588e-05,0.7489849835557806,0.11664551897946737,0.13381333434090759,0.11317700630038016,0.19021377052002275,0.1578621634352184,-9760.95725632688,-4.774411344140355,0.054548626460360634,-4.567102951135664
1531,0.0002852698755464644,0.765878468642873,0.10074945468414565,0.132835586801118,0.10961015921356995,0.19197687561110283,0.1578621634352184,-9761.230303420247,-4.668626858520072,0.05395924530464836,-5.217205854642777
1532,-0.4759052208931127,0.8378121933591649,0.11910629481256843,-0.05296997600202385,0.0868426097559303,0.20122439884857338,0.1578621634352184,-9760.32982270996,-4.911483801481472,0.0504257618961355,-4.482595223627929
1533,-0.41660409731372927,0.9056100370093465,0.05066849517467677,-0.04056093611522503,0.07643067286034474,0.20484038266999338,0.1578621634352184,-9761.218858030377,-4.753780800013517,0.049214999786949404,-4.673202814274592
1534,-0.4017482246806341,0.9237046754121978,0.029807382709159135,-0.03487141364032689,0.07465020070472267,0.20516573397367288,0.1578621634352184,-9761.222582729784,-4.736111723721741,0.049065695015865926,-4.447422146922757
1535,-0.41994839229219116,0.9092859123714438,0.0400546721925652,-0.0344705019562864,0.077576663465959,0.20462368637566336,0.1578621634352184,-9761.642255378956,-4.648408600944202,0.049430396291837514,-4.816979148576813
1536,-0.45491481119801047,0.8725118130337959,0.07597567836883853,-0.04069370342025132,0.0820970374718944,0.2036611688233308,0.1578621634352184,-9761.700343206801,-4.723233823261462,0.04984572886086966,-4.238517670818168
1537,-0.016146832935859355,0.8401307394981798,0.021435544016210548,0.13448733219246578,0.09203299402348597,0.2007847452990735,0.1578621634352184,-9764.077162468278,-4.516859379187723,0.051061364247047616,-4.480699777322675
1538,0.0007224587838593251,0.785727815463775,0.06870602884696433,0.14504764616418236,0.10138434314244457,0.19736780452170793,0.1578621634352184,-9763.399127521268,-4.519970996728829,0.05240986678393532,-5.041431784721642
1539,0.00024856659931384186,0.7511721352242496,0.09460847407385825,0.15365880143315686,0.10673295676757466,0.1966662606338636,0.1578621634352184,-9764.821013930648,-4.711333274933769,0.05321874971274043,-4.899387813790191
1540,0.00044748738845860545,0.7346721757459638,0.10417945567408314,0.16068289563447,0.11179407646587004,0.19451060108378945,0.1578621634352184,-9764.854340571603,-4.754673005695023,0.05416446763024091,-4.83402666109435
1541,-0.5723034927765038,0.8210261408996073,0.13918234635483012,-0.07590083991669963,0.08188547289134215,0.20506979175284384,0.1578621634352184,-9762.39218228759,-4.790667676501843,0.04944111741031379,-4.985940993855513
1542,0.0012407040510712909,0.7648394894528283,0.08392398496593828,0.1509735950490973,0.10773885571290782,0.19595371772230086,0.1578621634352184,-9765.002315414878,-4.816240827575455,0.05364781195698746,-4.996776369615777
1543,0.0009111791326926608,0.7713893201232069,0.0866393537683883,0.14164932425020954,0.10685813660820542,0.19620071435833386,0.1578621634352184,-9765.031087895113,-4.852855264808789,0.05355817117797881,-5.103253458701728
1544,0.00127395854668093,0.7717059410433662,0.09985219450697956,0.12825373417886093,0.1074363755149591,0.19622088198832086,0.1578621634352184,-9765.372592485715,-4.91456517350599,0.053774360053854525,-5.365602800242507
1545,0.0005842263545352093,0.7861312953331401,0.10398221689579319,0.10968665892135883,0.10782441299956584,0.1964310105652317,0.1578621634352184,-9766.32057542915,-5.046845766701495,0.05421487294913962,-4.299525853864894
1546,0.0004643545166515022,0.7717329982884533,0.09447484186822985,0.1334452469265791,0.10810029377276342,0.19916740032088953,0.1578621634352184,-9769.259696448253,-4.7353891779752795,0.054118657987916756,-5.084104681649486
1547,-0.5607246465124716,0.8377599555084828,0.12277565649725528,-0.07401904270043692,0.07923366203161933,0.2088648806965927,0.1578621634352184,-9766.417189882743,-4.898459952427423,0.0493186351273337,-5.124084872125991
1548,-0.001022901799150402,0.7905918081498993,0.11432624803406743,0.09454108447723339,0.1019329710358466,0.2016466821889198,0.1578621634352184,-9769.051900566456,-4.943428658200741,0.05316954739786611,-4.927786582723746
1549,-0.00012926735827318572,0.7773780825212797,0.12237571821479745,0.09989146781255451,0.10459919950235598,0.20064599024586283,0.1578621634352184,-9769.0035152774,-4.913117520372069,0.05356479096296473,-4.899268957423923
1550,0.0029944949887043748,0.7658967878672189,0.12262646698513707,0.11175319310320186,0.10788236550935854,0.19928758746855815,0.1578621634352184,-9769.051738492155,-4.889116560601053,0.054107659767537925,-5.046768002728201
1551,-0.006842847809138842,0.8069189609204768,0.08584351475586338,0.10560172055428269,0.10316010446998865,0.20084240732290373,0.1578621634352184,-9768.897409119032,-4.933502468660278,0.053591611554624614,-4.9548878590902925
1552,0.008865398949086792,0.8990475432564313,0.010574426906881401,0.09184549258098465,0.08479239949921336,0.20520479776132933,0.1578621634352184,-9767.121119317995,-4.918738080325657,0.05090902870489701,-5.104832395272723
1553,-0.4535752189662985,0.945261172414996,0.010346451242956129,-0.04751016571524702,0.06839852815257977,0.20943480938674952,0.1578621634352184,-9764.38929790837,-4.985084872402047,0.048391506114494054,-4.568391996852545
1554,0.016835921742213742,0.8523196335382338,0.025728277696260127,0.12491622573062483,0.09193424458295979,0.20366117639929987,0.1578621634352184,-9767.988447794249,-4.804052262668066,0.05163334801197945,-4.8071360148467885
1555,0.003135758707337649,0.8371441857358579,0.0503767364315114,0.11267479446806075,0.09291478005831691,0.20328351033448047,0.1578621634352184,-9767.578365697778,-4.810769220929431,0.05159518200303805,-4.715162525547172
1556,-0.6503933659257505,0.7790318618343843,0.17120483308967188,-0.0822325004141832,0.08785894490926821,0.2051702487262852,0.1578621634352184,-9764.613644553338,-4.796254942093096,0.050178029904148644,-4.985364729820569
1557,-0.631498729406802,0.7936745816294637,0.15892052801454168,-0.08060620348068817,0.08577002904324743,0.2055891919017881,0.1578621634352184,-9764.17209027088,-4.860836767115644,0.04993650217332659,-4.404933749632712
1558,-0.0026321609784457608,1.1389578327886982,-0.4211394270792731,0.28117006721855065,0.022245092332469137,0.21539711552856117,0.1578621634352184,-9765.505901819264,-4.718372415290791,0.04230863717679729,-4.611546215805218
1559,0.0005427041039203966,1.121046970656419,-0.39916140374020903,0.2777214914453714,0.025665984532758368,0.21509966464425184,0.1578621634352184,-9765.069931237871,-4.700459505496649,0.04258471192020609,-4.710625527014634
1560,0.01150444630120961,1.0766229367958409,-0.34342294708948357,0.2685182581469117,0.033047231073775336,0.21145485912641931,0.1578621634352184,-9761.025013460923,-4.709577795808058,0.04298073658230062,-4.66751303295718
1561,0.005337445364952037,1.0395162394805728,-0.3319442018159413,0.29286734586225793,0.03641243226848492,0.21096681949429646,0.1578621634352184,-9761.027726156222,-4.710071296404059,0.043121596998141234,-4.453926053641721
1562,0.002926300080463611,0.9863101475016789,-0.31174464115295564,0.3253424974319,0.041668847264888814,0.21036289290704963,0.1578621634352184,-9761.455170657468,-4.650756647516993,0.04346224461967066,-4.351419379779484
1563,-0.0005288974601475364,0.9000105354023675,-0.25976106684344047,0.35889075047726626,0.054275082295731,0.20836756628597142,0.1578621634352184,-9762.206536325626,-4.582329852444305,0.04470279159814808,-4.855990442190299
1564,0.0011427358740702183,0.7866513998463842,0.09626109140454092,0.11688821724363209,0.09617268677650126,0.19992025542337954,0.1578621634352184,-9762.996200013316,-4.680129036061853,0.051403992593179085,-4.96854175922669
1565,0.0007362468423761227,0.761091110436451,0.1380876275807993,0.10062973609936662,0.09875034730150653,0.19954009329035988,0.1578621634352184,-9763.093850888616,-4.774890831512487,0.05177197436872139,-4.774853769353457
1566,-0.6502052626460528,0.8111467680063169,0.14652721924870804,-0.08950739359647894,0.07867633907761837,0.20446187511853167,0.1578621634352184,-9758.893828025919,-4.7565473693629325,0.04861730047006196,-5.067301187565687
1567,0.003340378808751446,0.8285555455378465,0.0637415170246956,0.10822272033720509,0.09276277142747975,0.20016603724743065,0.1578621634352184,-9762.17592965254,-4.863152627294141,0.051252695469773284,-5.553890416655833
1568,0.0013193678934412638,0.8240605314117719,0.07953632382172954,0.09654130827859378,0.09587348238304788,0.20010079682397225,0.1578621634352184,-9763.874986200906,-5.082244461164714,0.052029725462982644,-5.050034468882539
1569,0.00144235786240424,0.8247543751634423,0.0477417195457108,0.12771580413891181,0.09873287089463838,0.19798243294906537,0.1578621634352184,-9763.17980682965,-5.0246595234877365,0.052457166842128894,-4.990108198480032
1570,0.00018064562349486175,0.8124472486483962,0.09304407786223753,0.09439608287324683,0.09638727254132604,0.1986443119397608,0.1578621634352184,-9761.999090270727,-4.985651139729298,0.05189165391639032,-5.184989936485
1571,0.013396000601044867,0.7307616375868283,0.16089250714538178,0.11091182680882558,0.10741078882330296,0.19532655952973135,0.1578621634352184,-9762.427643979969,-5.034005433095786,0.05329914754676465,-4.531622475997244
1572,-0.000308916330758505,0.8438164962133432,0.06876785699325863,0.08713154538703204,0.0897517943933222,0.202012923678495,0.1578621634352184,-9763.358173737177,-4.841142907498921,0.05098903817844552,-5.006688280814911
1573,0.00042118632787222735,0.9802477193429866,-0.05179181144108207,0.07141978620552858,0.06781792771411918,0.2075074211458401,0.1578621634352184,-9763.05691037157,-4.8977222410255585,0.04847081627847116,-5.313676657539829
1574,-0.6035841190865384,0.8703387403638657,0.07154452895429188,-0.064235400685881,0.07791220380119261,0.20461064855305283,0.1578621634352184,-9760.293600832056,-5.046066523643052,0.049012792327292165,-4.61991107205513
1575,-0.0009273966831306359,0.9122939163714008,0.00035720450097810456,0.08689214678213975,0.07715447291503266,0.2054847569701683,0.1578621634352184,-9763.037237685981,-4.865113296273976,0.049245318737443255,-4.84021485535205
1576,-0.00073081384136597,0.887266523702004,0.025815826342820578,0.08651162745626849,0.0805828992771972,0.2046406888290885,0.1578621634352184,-9762.926280520134,-4.85694116376015,0.04961162470463924,-4.66244483244395
1577,-0.0028342867043033,0.8229214692123739,0.07692924537821705,0.09924742919986976,0.08993888286044602,0.2021070934360512,0.1578621634352184,-9762.976511482522,-4.791089958020325,0.05061842526077024,-4.739482863969887
1578,-0.00100928195318106,0.8087408912982255,0.10363988005920724,0.08715113065728332,0.09162397516096207,0.2012207551100151,0.1578621634352184,-9762.267058084339,-4.7838541036049955,0.05086976383635439,-4.5637981571229895
1579,-0.0010498340826581268,0.8168712116840104,0.0955051646820955,0.0871377302781024,0.09192966285169017,0.20104972511228933,0.1578621634352184,-9762.500036890717,-4.715346972979622,0.051049585216472196,-4.531995950061605
1580,0.0011398206078962723,0.7949290415495238,0.11055629837818873,0.0945071077515204,0.09729844418885364,0.19881240894924268,0.1578621634352184,-9762.123334663973,-4.667432605480531,0.051875124985423564,-3.9517384909872573
1581,0.0001344900615757866,0.9147336881522387,0.001348148278846925,0.083599765264702,0.08199646021679755,0.20402000044150798,0.1578621634352184,-9763.960506147341,-4.437638144938857,0.05041739286606963,-4.696004075899198
1582,0.0011768980565660552,0.8974277709519631,-0.0017504092270715314,0.10417888508927434,0.08346513978495554,0.20366559522778538,0.1578621634352184,-9763.8672446567,-4.57136143095673,0.05030415564935716,-4.724716966409944
1583,0.0005570721235550614,0.870399975964454,0.036766490437902574,0.09261924344757787,0.08708632794370483,0.20280115503396495,0.1578621634352184,-9763.748774056792,-4.641511399039346,0.05076657160767825,-4.386576740826792
1584,0.004370567786537586,0.7849088398572479,0.10212265234666809,0.1133928643046756,0.09985159855652853,0.1986538278237052,0.1578621634352184,-9763.752491268682,-4.56276587887329,0.05225274593466673,-4.133736292443962
1585,0.0008359902750275879,0.7505904417878224,0.17234584591057645,0.07680477966716304,0.1035527456533735,0.1976438755561779,0.1578621634352184,-9763.606765708997,-4.427956074706641,0.05290063195925529,-3.937372255901669
1586,0.0010432141508578312,0.5098817521005077,0.40175961844207053,0.0878996085227328,0.14500791029179555,0.17800670471178892,0.1578621634352184,-9764.847951200447,-4.300769105439234,0.06052807208715817,-3.960974469762243
1587,0.0009890398010818273,0.7984875250455064,0.11724185837230294,0.08410605114154243,0.10895432344744127,0.19198045836507194,0.1578621634352184,-9762.050346074342,-4.2154234528790395,0.05460305186408627,-4.194186696401789
1588,-0.5924733785116139,0.7825607093201119,0.17533671650266175,-0.07810504543510949,0.09497551807268143,0.19570956278009338,0.1578621634352184,-9756.651419170536,-4.262986446266427,0.05138459863435768,-4.765561605992435
1589,0.0013162377068151251,0.8158202974764651,0.10485131740438966,0.07907546816913541,0.09858748537586733,0.19349631223079994,0.1578621634352184,-9757.594147053489,-4.466790939768706,0.05227795569352443,-4.621610349740399
1590,-0.5688354286539312,0.8059234814122238,0.14359660030419458,-0.0648741259844875,0.09365127568123063,0.19474150066655807,0.1578621634352184,-9754.900667957883,-4.530438397156138,0.05118115443422549,-4.360465211003532
1591,-0.5855677460280988,0.7844647602655865,0.16695092631881026,-0.07013166822004938,0.09607880306735514,0.19409967729205121,0.1578621634352184,-9755.01296314017,-4.476898739200502,0.05145892483238698,-4.808099434939301
1592,-0.543208272610352,0.8273203755021408,0.12095838296926886,-0.058414802600813776,0.09153668441428742,0.1956073883974231,0.1578621634352184,-9755.277786434617,-4.616186562009503,0.051005239611059475,-4.6674051238310295
1593,-0.0006473455839226521,0.8737211653243845,0.049199214364779455,0.07653811133680466,0.09135618040535254,0.19557461362957887,0.1578621634352184,-9757.60290047164,-4.6091930202763445,0.0515386422552972,-5.05780519891323
1594,0.001391888751565475,0.8906059365069602,0.027432231704989304,0.08192590033541577,0.09157252272854906,0.19581618506727727,0.1578621634352184,-9758.610891595312,-4.762585788461506,0.05188577327205825,-4.994862853112918
1595,-0.5494070450897824,0.8407209400290254,0.09795825717411721,-0.049854770356815084,0.0942800104778656,0.19447374867253003,0.1578621634352184,-9755.881733146743,-4.86149635213826,0.05171863039239572,-4.7943797249058555
1596,0.0010826717016825472,0.9219261727459954,-0.0017666038293034229,0.07975869752700235,0.08768645496001559,0.19626816089439503,0.1578621634352184,-9758.261619521862,-4.782391051842192,0.051523702998672816,-5.158518613764128
1597,0.005892135917357563,0.8872281632378061,0.02882674535344394,0.0848205055045893,0.09380383989496499,0.1942574982374008,0.1578621634352184,-9758.59350244018,-4.894753040273324,0.05230174763313139,-5.1733831182297445
1598,0.0002388593010937666,0.9461871946041995,-0.018603710364553706,0.07223746330274003,0.08554581856958848,0.1966648338082517,0.1578621634352184,-9758.6814321812,-4.96667996114936,0.05155843322090789,-5.232537583574597
1599,-0.6040649602787647,0.814041512813638,0.12218644673060525,-0.058143961304382014,0.10103317224428243,0.19175944384065735,0.1578621634352184,-9756.11069686147,-5.085813699774563,0.05286455437655313,-4.931944018690674
1600,-0.5998579202557603,0.8327714487086332,0.102916668507024,-0.05662233320047837,0.09784882014285687,0.1925563017041219,0.1578621634352184,-9755.757489035763,-5.015377746525394,0.052406737596926725,-5.4121085791295185
1601,-0.5555611117799164,0.8795278634201308,0.062476560098480294,-0.05393350721460309,0.09073476552174473,0.1952267704728068,0.1578621634352184,-9756.52686829505,-5.1586211994597155,0.051665693211324484,-4.991022466242969
1602,-0.0017739862205140172,1.063661505584489,-0.12070464539286642,0.056523906318347736,0.06709290259997372,0.20140012020739634,0.1578621634352184,-9759.498940117082,-5.0205678715968,0.04988547552259863,-5.159280894732428
1603,-0.4915769311669551,0.8538018331308108,0.08497772083869304,-0.03812308918143974,0.09768077114762569,0.19260525778159548,0.1578621634352184,-9756.11503248167,-5.0950716907021025,0.05264091003499269,-4.951980453002499
1604,-0.5022836755002349,0.8883565550475582,0.0524567185045209,-0.04212990429929438,0.09092669801075776,0.19406597828309372,0.1578621634352184,-9755.170560011735,-5.035217167524298,0.051696090996693395,-4.929615812972806
1605,0.002692077247079619,1.0260186648322671,-0.088737277834735,0.06308600443157711,0.07389761621623869,0.19855138514166895,0.1578621634352184,-9758.080526493295,-4.941115379205139,0.05052619941711362,-5.017397968942507
1606,-0.002749509044205958,1.0697891306994505,-0.12676985689562292,0.05626445977207186,0.06658031723463853,0.20012973931845368,0.1578621634352184,-9757.874403000013,-4.952669793467128,0.04980547109065321,-5.138958280878974
1607,-0.3670373839580325,0.9521857203132644,-0.00813775532391174,-0.018295364520558535,0.0834439635958962,0.19582237100344535,0.1578621634352184,-9754.995027869745,-5.0411658442199725,0.05105498100170876,-4.6641469636422945
1608,-0.33788001293168857,0.9176636785840555,0.019797170956729282,-0.006079174454863367,0.09089211918552285,0.19408679679722457,0.1578621634352184,-9755.624818579288,-4.888195718650828,0.052016673047163495,-4.901652350429467
1609,-0.3860017726073953,0.8986141168139761,0.0420549521934718,-0.018885169313217334,0.09213303434094058,0.19379952327662742,0.1578621634352184,-9755.366324821498,-4.902972587334983,0.052028381228682544,-5.298584955748133
1610,-0.0032315823290980468,0.9694909902022828,-0.026422313128719753,0.056124633638928584,0.0818547156756131,0.1974261826515875,0.1578621634352184,-9758.635995047207,-5.033317845671371,0.05130707255884028,-5.616695091957121
1611,-0.5607706651451667,0.8282127593105475,0.11954366732373543,-0.0604187366733655,0.09830860360561847,0.1931707884927314,0.1578621634352184,-9757.036424006163,-5.237561316645464,0.05261383207311121,-5.085703062276878
1612,-0.5009657395188891,0.8212755730846824,0.12694065477856417,-0.049158506923862214,0.10100567027756378,0.19212371822456548,0.1578621634352184,-9756.812721285569,-5.142375065952572,0.053038274658820335,-5.355847460523622
1613,0.002493467116605412,0.8640851212690079,0.07736123801687012,0.058994934712634256,0.10101561610874654,0.19231359685633392,0.1578621634352184,-9760.14904856453,-5.20579530319364,0.05390998971869977,-5.058712425867124
1614,-0.5794116414600883,0.8592382062191253,0.08879509477434991,-0.06418224978009707,0.09180917354530496,0.19448801697082638,0.1578621634352184,-9755.981649869853,-5.12462546905317,0.051638847859816345,-5.172060534238666
1615,-0.608545254381369,0.8451633218046897,0.10071571831199691,-0.06772669267626952,0.09411293892779662,0.19368432488484683,0.1578621634352184,-9755.98083798564,-5.127267318097867,0.0519245347409628,-5.146708594754068
1616,-0.020729577230828262,1.23351324123671,-0.26205054565753505,0.024244706675026706,0.036743930669584576,0.20586636572413325,0.1578621634352184,-9757.495007542839,-5.13128533233213,0.04686352007211753,-5.4047670207828595
1617,-0.4392846473674492,0.8771609516655161,0.08069486444669026,-0.04619364788805054,0.09086754876767358,0.19442032268857212,0.1578621634352184,-9755.479650770247,-5.210350472194832,0.05166809020221433,-4.896811937842544
1618,-0.45929812029428974,0.9036345695481494,0.051281917497262505,-0.04717918742182277,0.08674517082804561,0.19592244941379372,0.1578621634352184,-9755.990800788539,-5.070481139444218,0.05122391693197763,-5.030646835517767
1619,-0.27638004173555775,0.9845930937930587,-0.024751951106710364,-0.01583403953025208,0.07592627259964088,0.1972331603318911,0.1578621634352184,-9753.964733708657,-5.05326299567418,0.05006353509433925,-4.935580922792605
1620,-0.2959873451968517,0.9656088880927438,-0.005773986001510734,-0.019798499618706153,0.07862056406975301,0.19663204147430885,0.1578621634352184,-9754.034514637,-5.004113413848129,0.050320585071514434,-5.012999871173289
1621,-0.33347907760335926,0.895795187156889,0.0630656904590328,-0.026459077751288848,0.08899264158600795,0.19375388559681572,0.1578621634352184,-9753.92939019235,-5.00588188382434,0.05136614206061185,-5.119039809749576
1622,-0.33083275933639683,0.9776159099848519,-0.015606023609696273,-0.028806595859266877,0.0757167470511455,0.19631361325620536,0.1578621634352184,-9752.662577942503,-5.036727938689858,0.04991671558291304,-5.463223084025033
1623,0.007358240268811537,0.9873850037078895,-0.0349031669779774,0.04890613154409491,0.07944296406914833,0.1960384141422326,0.1578621634352184,-9757.022776780586,-5.201771985513531,0.05115424904659459,-5.282602246504805
1624,-0.27666293969520545,1.0032196155519142,-0.03899826373375603,-0.02016492338611555,0.0723243552778672,0.1976974409228012,0.1578621634352184,-9753.656615549085,-5.192572881208219,0.0496835358641175,-4.900007633377718
1625,-0.29605688566108357,0.9706662059886599,-0.006378098821412319,-0.024244408431725505,0.07645047746040617,0.19711602141703788,0.1578621634352184,-9753.942265245607,-5.065949354426693,0.049993064827821815,-4.735315238658206
1626,-0.28666603181505657,1.0114029934100308,-0.04658458952215287,-0.02289172897170065,0.07014041398362725,0.198889751710849,0.1578621634352184,-9754.45944316339,-4.941453399878753,0.04942580821485103,-5.235283046372801
1627,-0.022241632105748206,1.2285603998553434,-0.25530237913138787,0.022080919741051735,0.035543919765192195,0.20604411516614218,0.1578621634352184,-9757.00481847829,-5.05972002679222,0.04635617949360026,-5.398941988081872
1628,-0.003922672687490452,1.091549789374406,-0.13036063119032637,0.03785892661265465,0.06019709977006247,0.20176622152696178,0.1578621634352184,-9758.22147906778,-5.176947824671108,0.04904695192949103,-4.94651682238361
1629,-0.25521573250920826,1.0213806883701113,-0.056512433891210204,-0.016685273989970724,0.06806906606462211,0.2002485439178311,0.1578621634352184,-9755.382173175936,-5.063363601534845,0.049162778609445026,-5.100454492678631
1630,-0.26386282838165226,1.0205246836051156,-0.05484842756541262,-0.01921421961563281,0.06782951249602602,0.20027032974934894,0.1578621634352184,-9755.283271621249,-5.066593500463049,0.0491144303327446,-4.210950082092812
1631,-0.33349739253810207,0.9514703527615087,0.012738491626965134,-0.03197015241324479,0.07874423718088557,0.20041198173775904,0.1578621634352184,-9759.244861856361,-4.752199256008665,0.05046123071448819,-5.0283479113426885
1632,-0.3809483502144666,0.8933837162248597,0.07298708553171654,-0.04365578095699063,0.08493386118725554,0.19954428618087672,0.1578621634352184,-9759.54045314314,-4.872899103216323,0.050891534724287535,-5.260968246572951
1633,-0.31467824259978755,1.0096853594650481,-0.041797252678523494,-0.03158251693721005,0.06742747990791109,0.20367680507324937,0.1578621634352184,-9759.202450082303,-5.001051128574591,0.049149155778155644,-4.931585474745233
1634,-0.19387676047217312,1.1525814861840473,-0.1829478196934951,-0.009027342596280602,0.04621850812449355,0.2075866756325885,0.1578621634352184,-9759.012224110238,-4.962127659887144,0.04729343783678204,-5.3105400408710945
1635,-0.17518268319832275,1.1693920253462575,-0.20123144300171583,-0.0037853403408493374,0.04419867085304989,0.20818338966258176,0.1578621634352184,-9759.455907456693,-5.0725939962965345,0.04716525429741402,-4.800721773357255
1636,-0.20875869159393706,1.1183427219209485,-0.1516657141850733,-0.009177453923371309,0.05159786441669277,0.2071082781507828,0.1578621634352184,-9759.406737879719,-4.9680644957348585,0.04771773095091504,-4.858861124874502
1637,-0.2134558175630697,1.1167168670491536,-0.15090368395181655,-0.009296282708410843,0.051891529283276325,0.20706561417845298,0.1578621634352184,-9759.409240240697,-4.928127783341855,0.04773763088286545,-4.95891121364695
1638,-0.22339210118429087,1.104769318386729,-0.14048562338860832,-0.009805790256907459,0.05382987786692191,0.20670186890292244,0.1578621634352184,-9759.38190424906,-4.936723557361697,0.04789382097134655,-4.453613154671957
1639,-0.0008136455193344327,1.125799240750465,-0.1696009868803709,0.04335227164861589,0.054278882342873806,0.2076471192967273,0.1578621634352184,-9764.340955879108,-4.783709141146262,0.04867979293520835,-4.228742950206507
1640,-0.25214461951117273,1.0924086071678745,-0.1289235988029235,-0.014982649662319988,0.0571778234321066,0.20733052208197533,0.1578621634352184,-9761.980639475294,-4.594888558197671,0.04857951002033159,-4.6779643771061945
1641,-0.2894588467625471,1.0441875864879382,-0.08305020867944374,-0.02025219542055394,0.06440112865742424,0.20599440712889117,0.1578621634352184,-9762.030482630083,-4.645916603545534,0.049165061898062676,-5.134598965452559
1642,0.012316022163191965,1.0770975408800452,-0.12992101343572768,0.05503714978819076,0.06443533502499334,0.20698556466418616,0.1578621634352184,-9767.095344529687,-4.842102452643183,0.05007928003620177,-5.216943548794109
1643,-0.29105873813462135,1.0596034736070155,-0.1031841906809858,-0.01572004833062821,0.06245649316063097,0.2075080868481149,0.1578621634352184,-9763.56069896517,-4.957526722179191,0.04904388842638256,-4.8604651307064275
1644,0.015099011428718855,1.0416857795445884,-0.10045098818516937,0.0615607404721759,0.07109665166607154,0.20594505765756838,0.1578621634352184,-9767.898333783081,-4.931356978331118,0.050840130533409536,-5.151180006802393
1645,0.00564339403220495,0.9514735096877243,-0.024272298691213855,0.0735598957384321,0.08659019439609814,0.2002960255080834,0.1578621634352184,-9766.490004952768,-5.00594976028,0.05224369430558745,-4.9673681110774766
1646,-0.38971738263990263,0.9747989476563048,-0.02297738611564326,-0.031072915688153346,0.07589251975541955,0.2016202141934492,0.1578621634352184,-9759.940331258402,-4.973001887105999,0.05018755908654182,-4.69405099309069
1647,0.01652471793873133,0.8925970605554014,0.039977406692680656,0.07044456369745702,0.09677015028363188,0.19645387244745077,0.1578621634352184,-9764.900717881948,-4.866533698453956,0.05358003278043562,-4.9729917964167525
1648,-0.0004469184888058356,0.9285316997865851,0.012557908072665483,0.05848710657546177,0.08852482526599877,0.1988433783056311,0.1578621634352184,-9764.382622284533,-4.911954980298951,0.05229463976947335,-4.88114431614896
1649,-0.000851296486560603,1.0515410553369133,-0.09867707346527328,0.04674626445901697,0.06822660960215202,0.20272170092459074,0.1578621634352184,-9762.517565507993,-4.900594825066987,0.0501452178917029,-4.882358416750531
1650,-0.46654208639314826,0.9206611682174827,0.029022365873535138,-0.04450199725801773,0.08386157561052145,0.19850612334091625,0.1578621634352184,-9758.220997252258,-4.896253533136934,0.05094277803929785,-5.392857598590211
1651,-0.0006691640252603586,0.9528746861187054,-0.007610339452240971,0.0543774962308243,0.08534718187619073,0.19920541760894106,0.1578621634352184,-9763.721114125326,-5.074658525025882,0.05205217491784671,-5.3516489991803855
1652,0.0006405113892270493,0.9211009250854172,0.020912793535216884,0.057927583295324936,0.0921575206309703,0.19724975526845723,0.1578621634352184,-9764.145009812957,-5.157511220459371,0.05302363050937286,-5.005217338561474
1653,0.0025718496396652415,1.189453464067841,-0.23090847344907545,0.04185655662374982,0.04541772518316205,0.20766867591884092,0.1578621634352184,-9763.29216068094,-5.0852039802835725,0.048082471464803496,-5.138898822623003
1654,0.00043613885826087294,1.1442665431362762,-0.18947971432473423,0.04514256052101228,0.05278503786622049,0.20589008164133782,0.1578621634352184,-9762.70511730019,-5.092122696245827,0.04864283705483006,-5.049034586243282
1655,-0.31400283974242726,1.0896302556128656,-0.13869441762495704,-0.014895969668068117,0.05863863877145693,0.20436274387492875,0.1578621634352184,-9758.519324412173,-5.066137614596559,0.048536498862114,-4.741222624470543
1656,0.001070012274578651,1.1482788787322535,-0.19874669767778808,0.05049937012032897,0.0524827674038123,0.20595610590260238,0.1578621634352184,-9762.762369766915,-4.940699803189961,0.04858393298968632,-4.687647724189537
1657,4.608314109582219e-06,1.0867804010085096,-0.1463431167097456,0.059297649230817456,0.0634436969484895,0.20341863639869084,0.1578621634352184,-9762.601260560808,-4.845972955830997,0.04961173289172752,-5.046983836578798
1658,0.008178357488457636,1.0141654232366353,-0.0834530589012338,0.07067649507328036,0.07613250039515213,0.20077076304960806,0.1578621634352184,-9763.150117026576,-4.924624253584325,0.0509585825293271,-4.848652186439378
1659,0.00048295286718666734,1.0383960423034955,-0.10417885650119066,0.0656194408641426,0.07152462888100641,0.2015640850559041,0.1578621634352184,-9762.500352072562,-4.894494729723704,0.05035975788343398,-4.877307486563568
1660,-0.4303292786463654,0.9430353737574917,-0.013242981273823812,-0.017796870209906147,0.08583127368044977,0.1974871149446289,0.1578621634352184,-9758.630819377637,-4.892744748631198,0.051487425513621135,-4.634277415862196
1661,0.002699715813329409,0.9349815205753969,-0.01190568975017885,0.07715058839971096,0.08961768083668473,-0.19685420360802147,0.1578621634352184,-9762.670355121216,-4.802873268182551,0.05239176448690181,-4.138330633480343
1662,-5.249207336423249e-05,0.8930305212438034,0.03035490833218784,0.07618856593127388,0.0990964568359348,0.19511761138964306,0.1578621634352184,-9764.695638249912,-4.569816405923438,0.05395960476230968,-5.501922409086974
1663,0.007478243439728312,0.8536827083924308,0.06454626383705075,0.08306320629819267,0.10259210750164133,-0.19836237403594797,0.1578621634352184,-9768.95004136454,-4.95786169834947,0.054358613180738286,-3.7976336739546577
1664,0.001152246103122389,1.0706369571285368,-0.12491576751522912,0.054245148227897486,0.06454013007188732,0.2141033075248002,0.1578621634352184,-9775.456086114185,-4.536573965092361,0.05037131209066287,-4.477168314725093
1665,-0.002679418737466348,1.1767051065161307,-0.22496072419245516,0.047500708016874935,0.04757729788348247,0.21668534184261806,0.1578621634352184,-9774.809917237368,-4.546062072496521,0.048815844442917374,-4.66522530214345
1666,0.0006883420062221454,1.004983366404717,-0.06595535943279343,0.06079822622546163,0.07527926482666604,0.21105721240351577,0.1578621634352184,-9774.588113710444,-4.617287285901605,0.0513321391143121,-4.3383585801847016
1667,0.004774043083605916,1.0194301519599271,-0.07807235755845598,0.05930474590051618,0.07372760348046625,0.21137859473773002,0.1578621634352184,-9774.989468656793,-4.536825814168908,0.051346348180826756,-4.822795982396009
1668,-0.454043309102918,0.9153156519774888,0.03344888753414302,-0.0416809799767097,0.08482057909477649,0.20915602924975568,0.1578621634352184,-9770.948872841473,-4.659388842477559,0.051799311323072944,-5.028990642104162
1669,-0.44317909116126974,0.9373876489444004,0.008785684029680559,-0.03679420200434225,0.0821839178875047,0.2102093123949349,0.1578621634352184,-9771.651585121763,-4.795411060600627,0.05159987982725671,-5.2319720892185515
1670,-0.00024844203146413726,1.1063165903785777,-0.17306339865336906,0.06651615695058306,0.06068133602045056,0.21533059727942477,0.1578621634352184,-9776.554128374568,-4.9542321486955,0.05017748335409486,-4.997315825989607
1671,0.0014592256953493087,1.081761823320531,-0.1524303011837019,0.0707819235993366,0.0652043118708085,0.21421740689716723,0.1578621634352184,-9776.626989083043,-4.961698748177763,0.05065273694439921,-4.722588702671296
1672,0.0003341097840603433,1.0195570949267163,-0.0962813597907822,0.07653345844117065,0.0748485522394588,0.21239092852019514,0.1578621634352184,-9776.723323490502,-4.862487892223348,0.051480780564488446,-4.70720727636165
1673,-0.001204293806143807,0.965346650622439,-0.04462595954631815,0.07872832317424036,0.08390124383077985,0.21021284998011935,0.1578621634352184,-9776.892914455655,-4.79992477118087,0.05246153525617455,-5.433204605444524
1674,-0.001205385619924651,0.9676698447181236,-0.041517136671024815,0.07339608833082684,0.08365733100465644,0.21192390393390234,0.1578621634352184,-9778.824514889795,-5.021270872907031,0.05263949162459901,-4.725997784469597
1675,0.0010131574877054953,0.9373817449684579,-0.011047070648014346,0.07364418526136281,0.08805694170901651,0.2113232815224785,0.1578621634352184,-9779.294612412357,-4.8929056279921666,0.05312027718574651,-4.858153633536209
1676,0.001861181462133671,0.9339248751764786,-0.0035759953685634413,0.06983558896431052,0.08869425986675636,0.21100348687369597,0.1578621634352184,-9779.069963526996,-4.875415830646671,0.05324738634483988,-4.789287215633254
1677,0.002504551655441575,0.8970505310859919,0.031017869421533,0.07221673577262194,0.0947671332235096,0.20932814163094288,0.1578621634352184,-9779.14715451733,-4.839996753693946,0.05396692523489088,-4.899039162667537
1678,0.000843696962921559,0.8771419632407742,0.05252962255983857,0.0702662729016269,0.09775442155363556,0.2085283145678593,0.1578621634352184,-9779.150371001808,-4.86054026695666,0.05432747296279066,-4.536481199629328
1679,0.002645751405166207,0.9000236309842216,0.03105034519143103,0.06924316897016661,0.0951085644997019,0.20930891893375875,0.1578621634352184,-9779.392690411652,-4.741665408020375,0.05416155122578963,-4.727572915270425
1680,-0.0001418313614246682,0.9307191093022709,0.005503385842713546,0.06353709593757215,0.09003576931614624,0.21074572712382622,0.1578621634352184,-9779.33846295652,-4.745803327663758,0.053593360349800445,-5.16026870392116
1681,0.0006966203011927775,0.8726791603769709,0.062196214130070857,0.06503929596201449,0.09842171641718922,0.2086658583760308,0.1578621634352184,-9779.691720324787,-4.898882688096258,0.054493181581069736,-4.741037970158986
1682,0.0028998565579072128,0.845559522123131,0.08802979835653435,0.06676198825058263,0.10282986639434946,0.20740511983829085,0.1578621634352184,-9779.849173539233,-4.828671780706192,0.05507345112725401,-5.221861984016452
1683,0.0007673729871888665,1.2637488627914637,-0.2978087793209756,0.034124487468932915,0.03262483218897437,0.22248808403496356,0.1578621634352184,-9779.638307540812,-4.947186646789348,0.04780213962171964,-5.380103092133108
1684,-0.22333075640966105,1.2132316303733033,-0.2365488305262694,-0.02241641052943476,0.028564606032307885,0.223315817721427,0.1578621634352184,-9773.9016995633,-5.082477773543838,0.04547699746251967,-5.040463126067222
1685,0.0019233323454613642,1.2205736090348571,-0.2581605537957715,0.03787367806199505,0.03992310527974245,0.22090258500401289,0.1578621634352184,-9779.257291508942,-5.046899846683099,0.04848876914545196,-5.134519175552609
1686,0.0006147512978628071,1.1774842792680484,-0.21744065723286302,0.03994422669133693,0.04671807588544401,0.2194664549540035,0.1578621634352184,-9778.589324342742,-5.064549311200047,0.04900329343649512,-5.249682300687173
1687,-0.0007729074124870893,1.1360272849649053,-0.17839221971435776,0.042047920799713014,0.053637062706419415,0.21814509001105054,0.1578621634352184,-9778.563507402641,-5.112546897380139,0.04962679468292313,-5.009725235462238
1688,-0.0011964085576588888,1.140637858792254,-0.18423464137620443,0.04317792766087213,0.052666419698779464,0.21849520469173192,0.1578621634352184,-9778.549280560732,-5.06056813988507,0.04947120683423316,-5.239183404672461
1689,-0.001320873793445925,1.1690225924643274,-0.21227395085480033,0.042831193848672754,0.04837424940946233,0.21895259804182948,0.1578621634352184,-9778.202871642865,-5.108364122344541,0.049105406393485075,-5.451649260524309
1690,-0.001782897438661414,1.1797976207210463,-0.22305651628659118,0.04277418248758959,0.04723280249554834,0.21893772183521254,0.1578621634352184,-9778.188510147253,-5.207141058073953,0.04910465297776224,-5.316099811664275
1691,-0.4127570376968298,1.06868588141945,-0.10807507709901612,-0.045385586261590144,0.050862131770392296,0.21770887804336994,0.1578621634352184,-9771.218641525666,-5.214671549665187,0.0474008119470043,-5.63943558166645
1692,-0.44824169794585417,1.0454863900547111,-0.08754945145083076,-0.049959066439945146,0.05533819734911485,0.21729567902847072,0.1578621634352184,-9772.17925090959,-5.325987834598862,0.04799035495100463,-5.5992310509489815
1693,-0.0017925877453768536,1.0925560533523369,-0.14262425801193832,0.04960571257352664,0.06326391149561997,0.21566062241236827,0.1578621634352184,-9778.148385367142,-5.4045032102628054,0.05081404019959106,-5.645439760658097
1694,0.0016983530359466832,1.1202125645603065,-0.169517257378899,0.04961303301729087,0.05988772985203707,0.2150139534083747,0.1578621634352184,-9777.363004943181,-5.461543740991544,0.05065403137520352,-5.499603085029363
1695,-0.45782822942018986,1.0642687903376267,-0.11474242152441583,-0.04358424063540066,0.05695157479187747,0.21562476950249643,0.1578621634352184,-9771.546217175435,-5.411076488556851,0.04860381390884645,-5.673675975443291
1696,-0.6118103720783241,0.9459213773136681,-0.007338195497055142,-0.064313350944927,0.07617443428286128,0.21025923413373285,0.1578621634352184,-9770.957372232506,-5.45720615902585,0.0504751444332676,-5.505346053451779
1697,0.00012052138148593817,1.0173579410474751,-0.07380175841138617,0.0564653806017361,0.07767995933475358,0.2090519750431449,0.1578621634352184,-9774.537948563366,-5.4672410034526955,0.05224548386773286,-5.36119177930595
1698,-0.5190648955357478,1.0130805217831944,-0.0713414284058008,-0.04845150313635174,0.0678900022585683,0.21069838484792291,0.1578621634352184,-9768.397502769803,-5.365371788619741,0.049802993353301024,-5.320767691765603
1699,-0.0022529806442035285,1.086124367411085,-0.14213888742919478,0.05556040511918055,0.06574139576596633,0.21115637914756288,0.1578621634352184,-9773.435910593287,-5.3519054172959875,0.0508971261849993,-5.338900807514162
1700,-0.011956118730697726,1.126311441212695,-0.17975333973332472,0.050976798222388,0.05860315280489729,0.21251568253443814,0.1578621634352184,-9772.993461808168,-5.326693908573458,0.050096564995111496,-5.124352551005846
1701,-0.002774908685004824,1.0661463720359259,-0.1298556651150409,0.0631398794159967,0.06926261419559529,0.21059564427387245,0.1578621634352184,-9773.456944718278,-5.242640240572485,0.05117534115497489,-5.285895331842417
1702,-0.5597869446048191,0.9824428467159685,-0.05474233640577991,-0.04305741393796046,0.07610138331903704,0.2087780621452992,0.1578621634352184,-9768.654396604537,-5.200480608714696,0.05088575967458582,-5.02867443213588
1703,-0.00025017383773947194,1.1005472829140586,-0.16672227605971385,0.06613937775778439,0.06323588727215573,0.21165771508408104,0.1578621634352184,-9773.06599680661,-5.166827989022747,0.05049344646082454,-5.3247897810887
1704,-0.5309922921220525,0.9978181699969241,-0.07334635821991961,-0.03396895458255722,0.0751312646861064,0.20901254892170495,0.1578621634352184,-9768.763457328765,-5.165156969225803,0.050906523600242615,-5.515352837657705
1705,-0.0017126098466862683,1.020188371668295,-0.09704361093254871,0.0765874719507596,0.07694839414687074,0.20907411023526135,0.1578621634352184,-9773.525457269687,-5.333134482025304,0.05183829562002677,-4.736695513010299
1706,-0.6515092711449519,0.8997376564426409,0.012977181209717612,-0.04724809367629855,0.0915735814954525,0.2064767492097257,0.1578621634352184,-9770.905541511394,-5.038880253148463,0.05285914309721346,-4.913243639153342
1707,-0.0068152098751679685,1.1673360754984152,-0.23543245901377247,0.06670235657621686,0.050728406343107435,0.21561150515582134,0.1578621634352184,-9774.396250013846,-5.056180999745874,0.0490735238705799,-5.053906793647376
1708,0.0011830208380929628,1.1491509349487652,-0.22585878676871227,0.07701011282897624,0.05383265032390261,0.21407400679632843,0.1578621634352184,-9773.35227508628,-5.075884799699979,0.04928620346623827,-5.528950646696351
1709,0.0009463293261255422,1.115711936426242,-0.20063727282044908,0.08520640517339664,0.059193829964541644,0.2137498299936038,0.1578621634352184,-9773.993103311544,-5.247237353319486,0.04973851605056534,-4.6510800631541525
1710,0.005505791627097696,1.063559965114861,-0.15806397604760772,0.09565921013503467,0.06752545271283952,0.21329238768045033,0.1578621634352184,-9775.737072660742,-5.048503851141199,0.05054555370779691,-5.1520932683082545
1711,-0.5555222961085848,0.9425606243788762,-0.028904875214894606,-0.028405875045003373,0.08582587313954029,0.20865721614937768,0.1578621634352184,-9771.2932975888,-5.027445634199256,0.052275474423684284,-5.365576747378665
1712,0.00120096564812118,1.0138590219368293,-0.12047758354268903,0.10698042243571951,0.07591012253235419,0.2114143265835254,0.1578621634352184,-9775.390033877818,-5.209840396591672,0.05133601880231364,-5.479204680110502
1713,-0.5766370758000147,0.8939209996235238,0.011595162951531252,-0.024409598847080438,0.09510645431263881,0.20676776468177574,0.1578621634352184,-9772.458831735295,-5.2316649330317695,0.05347347889501671,-5.33284962839138
1714,0.002259003465888008,0.9026802922979722,-0.0316026508968448,0.12959105293404877,0.0954382503971212,0.20641668739990637,0.1578621634352184,-9775.79420344574,-5.300837470124221,0.053642852800952094,-5.362687184914267
1715,-0.600056989876778,0.8366816088884688,0.08373021320806054,-0.043900679100382645,0.09925586836243527,0.20589317691436934,0.1578621634352184,-9771.823911495256,-5.240605164969783,0.05356881142239932,-5.375219057532124
1716,0.001336798570830914,0.9628345788389883,-0.04956310659044377,0.08728473008731771,0.0829265395007757,0.2097740485538278,0.1578621634352184,-9774.407277986003,-5.325915446073179,0.0520564679418605,-5.081295643113208
1717,0.000573846562585025,1.1198858045718436,-0.1871687076490527,0.06762565262206058,0.05590311741449883,0.21575706737804923,0.1578621634352184,-9774.375878027133,-5.243411648823996,0.049221446530649075,-5.689616973647716
1718,0.0021652039032485117,1.088624041890451,-0.15947663641548604,0.07161734595766264,0.061268950181496265,0.21512397724417087,0.1578621634352184,-9774.909835691462,-5.391116641499853,0.049799632503221086,-5.29400455564578
1719,-0.46280240137561013,1.0247800510741918,-0.08603335150458222,-0.03321775667560278,0.06330251544848017,0.2150499252443826,0.1578621634352184,-9771.04272555907,-5.282427301952659,0.04892955603386044,-5.34351299308979
1720,-0.5726043674483268,0.95227854347482,-0.02533818008495126,-0.04367944403694216,0.07443090473737107,0.21218190244726892,0.1578621634352184,-9770.649330070957,-5.276828922192121,0.04994336184953267,-5.367231361908999
1721,-0.6775662084800654,0.8679944610400485,0.048973004186030546,-0.054980578059035216,0.08710843522503287,0.20897147884892522,0.1578621634352184,-9770.657354934687,-5.282393926585246,0.05126295424996531,-5.341107909665897
1722,-0.5674588481077585,0.8840218023174474,0.04512906348621468,-0.04494620483380925,0.08550004697059357,0.20803741725759461,0.1578621634352184,-9768.23314425895,-5.278052012970272,0.05109267092799088,-5.237263118746872
1723,0.0016318800207800778,1.1057006884576603,-0.18246403129788336,0.07734427008783051,0.057246156959812736,0.21396576346839974,0.1578621634352184,-9771.384403285738,-5.282208830099682,0.04897595198286696,-5.316517254870944
1724,0.0010357223870615918,1.148912709075553,-0.22539255831884725,0.07691010575584017,0.050226256471576636,0.21484636618573005,0.1578621634352184,-9770.937174158682,-5.2822415604728326,0.04826019967781782,-5.484874735658417
1725,0.001138072528509701,1.1413311519884113,-0.2189736139679952,0.07811662833429613,0.05133649915655626,0.21478726609571952,0.1578621634352184,-9771.087191133025,-5.340193549354681,0.04834651534950173,-5.20756396200774
1726,0.002532260131379893,0.9613576442261796,-0.060680627337253226,0.10023406758654582,0.08027384139085217,0.2077574666218958,0.1578621634352184,-9769.955705066559,-5.292393638691886,0.051072262476378846,-5.044393035531857
1727,-0.5356723404203141,0.8957352310559266,0.024709294308102918,-0.02974070490769708,0.08735211557328884,0.2055316360351015,0.1578621634352184,-9766.11636338248,-5.1586601982979055,0.05145168162521907,-5.735141543492946
1728,-0.5366985044877817,0.8889539300476266,0.03166981735591362,-0.02994724809257452,0.08804172350603129,0.20673562332139284,0.1578621634352184,-9767.89360244199,-5.346050277608016,0.05157744909228465,-5.720935453186745
1729,0.0011659311041460087,0.9752841171101074,-0.07309051703502148,0.09839521347276681,0.07889336792366036,0.20852607234013934,0.1578621634352184,-9770.485782770387,-5.490538122496119,0.05107029793953938,-5.450977710270798
1730,0.0013809683469253708,0.9962074640072076,-0.09521213247428661,0.0996530317931989,0.07536400525730365,0.20919474431585033,0.1578621634352184,-9770.294227472436,-5.455418194384388,0.05064556203576597,-5.266425084642402
1731,-0.5430374141035048,0.8715985680297067,0.04337483195941607,-0.025539950626767192,0.09305220825303404,0.20486085603771614,0.1578621634352184,-9767.91594194455,-5.319189869943551,0.05235307928122307,-5.814102959095973
1732,-0.5134638994303411,0.8761164740454268,0.04756761017708637,-0.028164603998759107,0.0911286089878221,0.206463396153384,0.1578621634352184,-9769.139913598703,-5.466733011587489,0.05211725759589694,-5.4403308404164585
1733,-0.5323094569614852,0.8133426716198409,0.13653772328225117,-0.05854178092656963,0.09040657785697151,0.2065044794558104,0.1578621634352184,-9767.689928903255,-5.415018007792495,0.05122423694010623,-5.091840425810889
1734,0.0010127263702457117,0.9079426074510998,-0.015019097964041273,0.10763484226280882,0.08947381765801626,0.2061320640508334,0.1578621634352184,-9770.81520228671,-5.327042196661222,0.052219129716904844,-5.3110465956732495
1735,0.00118586424920606,1.1944760310710039,-0.2529727230745799,0.05884215752835356,0.04185680027488485,0.21608328687372375,0.1578621634352184,-9770.364748013397,-5.3307759993962005,0.04742845850655489,-5.4212756145327345
1736,-0.008329036869015082,1.1681878237856482,-0.22270473315120826,0.0528735717988664,0.04539773036327953,0.21491754663307613,0.1578621634352184,-9768.808548606225,-5.353071219441812,0.04759405367517967,-5.441766412046095
1737,-0.010355661503635278,1.1280948389341487,-0.18677414439688705,0.056619077419353264,0.05159473712453655,0.21385386801560735,0.1578621634352184,-9768.608313557555,-5.375946258572327,0.04810478332293873,-5.646701376985247
1738,-0.48741235940370153,0.93270227138359,0.018826778411170045,-0.05156687307732793,0.06746818637652574,0.2112799123442071,0.1578621634352184,-9765.990484228598,-5.398108843236174,0.04804722233662358,-4.9937009024936545
1739,-0.0028260295981032994,1.1601755302188423,-0.2270481530107132,0.06637411938701684,0.046657197513525234,0.21431792438154507,0.1578621634352184,-9768.2253667023,-5.296631714417715,0.047564714814636054,-5.716280660284612
1740,-0.005084749927518828,1.1516688542013658,-0.22263880912555717,0.07003979574246758,0.04797131492712102,0.2148329431613758,0.1578621634352184,-9768.921657106122,-5.434953124723216,0.047678106798038675,-5.304484945689911
1741,-8.592211930203206e-05,1.133653475214499,-0.21308034705249887,0.07953148885209682,0.050342868952589,0.21436311193679655,0.1578621634352184,-9768.882507282306,-5.383544729118782,0.047781834723218314,-4.916611789053499
1742,0.0007905326484560489,1.113867918112206,-0.20244740702015535,0.08884684332146356,0.05324340559534402,0.2145466551793034,0.1578621634352184,-9769.856322654148,-5.228931957626428,0.04801182325354575,-5.579277245716668
1743,-0.46633225532971323,0.9990499597138609,-0.08266415479518238,-0.012248314810968036,0.06676210371618613,0.21248212331558652,0.1578621634352184,-9768.108342387393,-5.290344103065804,0.0486528881223728,-5.805340331994533
1744,-0.44715600698568525,0.975900622243933,-0.0633859429359665,-0.004265900116003777,0.07215247761541349,0.2120042050499753,0.1578621634352184,-9769.327036692302,-5.434718858011819,0.0494030363050261,-4.651074670426715
1745,-0.017321453541887445,1.05638677011043,-0.15528942154682657,0.09548726475606205,0.06016523552343697,0.2173074947724059,0.1578621634352184,-9773.944365882686,-5.203273099843367,0.04845545525345431,-5.404741450159999
1746,-0.40780535849744487,0.9584190006014828,-0.037631307360421154,-0.004508739853222234,0.07298417909943081,0.21516341684814877,0.1578621634352184,-9772.263039205885,-5.227163796836112,0.04949256320866949,-5.12844269301437
1747,-0.0015750542744571781,0.8997782382777053,-0.03381864605324582,0.13396896943053416,0.08150789658757904,0.21299048327645473,0.1578621634352184,-9773.886323225655,-5.243795860864166,0.050327410416193964,-5.69289982630114
1748,1.0979814286592857e-05,0.8867455910716563,-0.016991691190574868,0.13061410739215895,0.08200093312617546,0.2136507456142617,0.1578621634352184,-9774.169818186876,-5.401487730115733,0.05028923531115594,-5.191217824293962
1749,0.0007132484862183877,1.0387447877751137,-0.14953929223990434,0.1112591818839079,0.059895181618181484,0.21785716980075195,0.1578621634352184,-9773.278363913232,-5.3258909891615405,0.0480817936286825,-5.324613555060597
1750,0.00024728455715089027,0.9420126845995442,-0.06949903495451536,0.12797347509255425,0.07342101634397431,0.21475583274203414,0.1578621634352184,-9772.660478734051,-5.32957652128444,0.04924900023381805,-5.233515002408317
1751,0.0021422217330537632,1.0481972411109204,-0.16477611440446205,0.1173289198860542,0.058576643302345084,0.21710579470225322,0.1578621634352184,-9772.195758402304,-5.301298083059416,0.047895559719295336,-4.702914712503307
1752,-0.8958437970350945,0.02836132743025461,1.1705132681838344,-0.38163816193644257,6.254519199349929e-09,0.22741505062995454,0.1578621634352184,-9769.721264033753,-5.13292505752543,0.03974597667368324,-5.242858868262916
1753,-0.7961007156342645,0.1875983865481688,0.9864436894419121,-0.3365220103130912,6.2806683190822795e-09,0.2273750046883706,0.1578621634352184,-9769.178845807952,-5.175614249354787,0.03974028011257362,-5.4997073615639565
1754,0.0014185153591614414,0.9379504585048287,-0.06699400097505669,0.12971512692240778,0.07404159592006249,0.21563669249453127,0.1578621634352184,-9774.151543376927,-5.2978034649512775,0.049382043649055685,-5.121309793103493
1755,0.0023112141435769912,0.921236722095717,-0.0578223382529037,0.1374286700221727,0.07635685935921771,0.2151860175744663,0.1578621634352184,-9774.325920633277,-5.2408634715881615,0.04959646462393327,-5.469216323324342
1756,0.003159608714735037,1.1681719181213044,-0.2548890891519001,0.08766181303462728,0.04006853536195584,0.2212656143800602,0.1578621634352184,-9773.420804055664,-5.319938068517281,0.046273607593134126,-5.2374810622549255
1757,0.0019342676802828306,1.1733481627498858,-0.2669514341757834,0.0942892054513362,0.03898682933004901,0.22067923527531025,0.1578621634352184,-9772.646695733676,-5.294713212935355,0.04604377072951504,-5.014224637618492
1758,0.0013609938814583707,1.1432456056728348,-0.2398162905708382,0.09717876712023657,0.04278442084609694,0.2198977972443913,0.1578621634352184,-9771.748022498909,-5.213981440650989,0.046244620851323116,-5.4193375669568775
1759,0.005338979966693994,1.0736368883555667,-0.18632606572699445,0.11425015332920636,0.051974531249392344,0.21757608537361062,0.1578621634352184,-9770.573588509165,-5.288675441897564,0.04685612888278161,-5.32765891558428
1760,-0.3043003994464003,1.0109008326352744,-0.062191235439798626,-0.01047999932071796,0.05656569757219159,0.21760178777017705,0.1578621634352184,-9769.066656522577,-5.243667056381217,0.046910292642005635,-5.359373363372008
1761,0.0023884878389093724,0.9507438658462553,-0.09185891404204291,0.14221362209804003,0.06723973879515452,0.21481097706782068,0.1578621634352184,-9770.58404980485,-5.316552155948985,0.04791051842644461,-4.097882165047549
1762,-0.4238346955496728,0.8237717261315396,0.24639740627250495,-0.1561549872854418,-1.7952488781368284e-08,0.23121622511841622,0.1578621634352184,-9774.046742861443,-5.010613470945378,0.03986380745334463,-5.727209628393898
1763,0.0015069841688086323,0.8556269417089959,0.027496163064947288,0.11766608621826546,0.07324444307480725,0.22314855595414174,0.1578621634352184,-9780.600374932377,-5.228285011517922,0.04844571354660656,-5.531354886579024
1764,-0.5841988763072932,0.5797442516655491,0.5295591138566178,-0.22710494107232848,-1.8262397997748855e-09,0.23307112176638364,0.1578621634352184,-9775.345551414772,-5.289227393978759,0.03998125292672253,-5.093422628762372
1765,0.00211534910912854,1.1541949578526662,-0.25137814084533905,0.09786429823328975,0.039460938646929455,0.2276129775146719,0.1578621634352184,-9779.797704827351,-5.2386773885831746,0.046102371447640546,-5.51884393771081
1766,-0.8329646324534734,0.20244628963014694,0.9641920162457531,-0.3341189081042033,6.4719841659867575e-09,0.23323609169886594,0.1578621634352184,-9775.668501738346,-5.3021330014625985,0.03999716831062845,-5.2086283771323005
1767,-0.8447197250253085,0.18603994386762818,0.9822568822757405,-0.3382725337922196,-1.5818929317278595e-08,0.23316897966349326,0.1578621634352184,-9775.547032587365,-5.26926778922512,0.03998761235098146,-5.49750333523232
1768,0.0015576744768325862,1.1397693636848643,-0.24995315346675975,0.11085439825549881,0.040156130928128246,0.22770401710192933,0.1578621634352184,-9779.745286851703,-5.344986679586331,0.045931087725652076,-5.578855602927551
1769,0.001572897688800506,1.125387219995154,-0.2369029487617002,0.11221789761529552,0.042479145515243746,0.22748355149551547,0.1578621634352184,-9779.974290134172,-5.404735329207614,0.04618493785434448,-5.461775871904386
1770,-0.3365420685731927,1.0578540515203276,-0.08967928749018389,-0.03604742720693796,0.040422607362993634,0.22872261585772752,0.1578621634352184,-9778.233337495847,-5.364102453261882,0.04516505523490949,-5.5695128555154145
1771,0.0013452673562301468,1.0829624979777739,-0.19122234058966803,0.10895275787972233,0.048688069862757255,0.22648895098851907,0.1578621634352184,-9779.836630250275,-5.4425227995861665,0.046768247061460606,-5.773822176730178
1772,0.003148852047919518,1.0357716800459054,-0.14588723794507386,0.1112547920373361,0.054878134332621495,0.22585177177401877,0.1578621634352184,-9780.423581983985,-5.525145323283841,0.04730571174618747,-5.564179585315523
1773,0.0012605916499011799,0.8890464005317593,-0.03690310967798548,0.148840642229642,0.0718938808407065,0.2218494632220056,0.1578621634352184,-9779.695770779701,-5.507601041804247,0.04840643759939449,-5.187388046092015
1774,0.0015573527980491512,0.8248702595642978,0.05242538298005762,0.12364183505065607,0.07576814810550249,0.22184161244392292,0.1578621634352184,-9779.20807739961,-5.396725534796123,0.04850857791796266,-4.8734977989644515
1775,0.0004716076364814839,0.2182258974869225,0.5007597825652799,0.2820204970539073,0.16749341259311157,0.17451803958064233,0.1578621634352184,-9778.188429383717,-5.268545617919753,0.06628423842860065,-5.304222688922891
1776,-7.314358229684251e-05,0.21847915062702875,0.484715360217852,0.29765575347305984,0.1712990002619229,0.17052997434983624,0.1578621634352184,-9777.440943828195,-5.296487415380837,0.06739946143472086,-5.387860221464951
1777,0.0013049142900436132,1.1878792891348113,-0.26669004126947116,0.07930806301174832,0.035722890703127674,0.22599137901623864,0.1578621634352184,-9776.374318347403,-5.30139733601211,0.045876049231986314,-5.717195831857256
1778,0.0024295159903267695,1.2149648336793013,-0.2910809655711003,0.07684977745773827,0.03146493650007033,0.22694815475074534,0.1578621634352184,-9776.947904506958,-5.417804715535457,0.04545023960535555,-5.705685004164483
1779,0.000884983498999261,1.2156614324318489,-0.2919466207336776,0.0767248480924452,0.03128165021953383,0.22710261773235962,0.1578621634352184,-9777.179831691157,-5.486963342396673,0.04540705252116113,-5.590555326948724
1780,0.003209666879463561,1.2038595563377559,-0.283849680512068,0.08093195242273384,0.032677071277143394,0.2268407778829053,0.1578621634352184,-9777.121467425033,-5.50434889256333,0.045495095244556846,-5.263200549114186
1781,0.0019168414919928484,1.204581835415013,-0.28893832244158624,0.08502208083986361,0.032057072057115485,0.22710923746351813,0.1578621634352184,-9777.163220207409,-5.4208592595387435,0.04532627583989074,-5.236045140838958
1782,0.003049277966099046,1.1838970425422173,-0.27304533575248274,0.09006838241534076,0.03460230167316531,0.2267685735792046,0.1578621634352184,-9777.12540789336,-5.367411075863708,0.045491520565153494,-5.1667997103104195
1783,0.004892275270074992,1.1732807814951332,-0.2693524212013315,0.09736688720320026,0.03562178144581078,0.22674100110388884,0.1578621634352184,-9777.273404980706,-5.31315328000786,0.04551337791694779,-5.193942946832853
1784,0.002962387996740914,1.1700776034908393,-0.2718989162999761,0.10270443371967466,0.03600109749023603,0.22637796108815644,0.1578621634352184,-9776.840080677934,-5.284262252135897,0.04549402213562705,-5.5617797460259375
1785,0.0008350059369463473,1.1586475288189155,-0.2653063528376439,0.10713078874374582,0.037312043336233475,0.2265923792940695,0.1578621634352184,-9777.178199759463,-5.371541219359418,0.045559738418089385,-4.4658941875076135
1786,0.0016176252372079383,1.1489744616729478,-0.2604969221889458,0.11210046131851781,0.03884491593930761,0.22938157412745921,0.1578621634352184,-9781.397988334336,-5.113322436800603,0.04590602426724285,-5.188712163372024
1787,0.001936921825471987,1.1374144098439802,-0.25282837548457393,0.1160593469391922,0.04015295472392033,0.22934439596280976,0.1578621634352184,-9781.439260601257,-5.164806067576675,0.04597436102033449,-5.458692400165862
1788,-0.005398235253118369,1.134253992165298,-0.24656998087169404,0.11147313767584882,0.04093299420341286,0.2297718229896438,0.1578621634352184,-9781.838401620862,-5.264632413223168,0.04606661424391388,-5.376390696982529
1789,-0.007011462420769417,1.1412466922743167,-0.23744267866881102,0.09498041079930133,0.04104112990596595,0.22965512667209104,0.1578621634352184,-9781.621853484394,-5.300897037161087,0.04625904818078208,-5.033275442183417
1790,-0.00038087004431631603,1.1958212271236532,-0.27660552754582346,0.08085360470371362,0.033647688003938636,0.23077466918670775,0.1578621634352184,-9782.014922053526,-5.229413753281684,0.04575316329571985,-5.065380025986193
1791,-0.005275122618601233,1.2371121205445412,-0.2953416280247929,0.05721832350086492,0.027793963434803975,0.2314079198566646,0.1578621634352184,-9781.471119042873,-5.186175253994278,0.04523360237441333,-4.7398190882003455
1792,-0.00029568102778357297,1.227000731839863,-0.28851815138290665,0.06149205938614556,0.029075840684962995,0.2317919980723841,0.1578621634352184,-9782.359645122715,-5.077160281945059,0.04540614561942253,-5.2954503977617575
1793,-0.002443704473223369,1.2241857336329054,-0.2897453680223035,0.06510462560062572,0.02924010825406256,0.23200950765590744,0.1578621634352184,-9782.195440847403,-5.160336194927879,0.04533194520247384,-5.189745905356216
1794,-0.1075132215984085,1.1821722056319368,-0.23964558546568798,0.035588189359296515,0.0347290400168534,0.23121676086853343,0.1578621634352184,-9780.707071526163,-5.138029814603915,0.04550144938291999,-5.232193258838001
1795,0.027239123537193058,1.085623944984679,-0.17788420469527583,0.09782817111908393,0.04640357126356168,0.2301096085213319,0.1578621634352184,-9782.563177373368,-5.212951087575547,0.04677756982843652,-5.109573958515066
1796,-0.1749236828266385,1.0855829620763846,-0.1541329437173669,0.032921089421554806,0.04572837061880745,0.22953596763125272,0.1578621634352184,-9780.1664994942,-5.139753318701676,0.046050059302466556,-5.37441812878018
1797,0.01809313911437046,1.0805567729609264,-0.17723358538532719,0.10039550317444652,0.04662286399719463,0.2297031248294288,0.1578621634352184,-9781.849841119121,-5.250175257438635,0.046585800073255246,-4.6625223217882095
1798,0.010697501536859192,1.070068076043213,-0.16853079419703662,0.10064339294632592,0.04721452783094836,0.2308732011903757,0.1578621634352184,-9783.317534506592,-5.080288554208802,0.046518158944371495,-4.655628257218736
1799,-0.17938688139886305,1.056501247657479,-0.12553579499872916,0.03242911431725743,0.049779303762732235,0.23036422070055107,0.1578621634352184,-9782.09693014926,-4.9385454082385944,0.046526290712415,-5.073489543475452
1800,-0.19430554523911703,1.017093234470261,-0.09161818641272076,0.03488380601987037,0.05411140413547161,0.22993794495908493,0.1578621634352184,-9782.201912265824,-4.993823259242714,0.046757562149028375,-5.107226119079224
1801,-0.0035780715467500415,1.0483915271090238,-0.15760376635138013,0.10852565824599256,0.04901666690968018,0.2306522232198836,0.1578621634352184,-9783.239900316288,-5.067130610951781,0.04637217662418932,-5.16599664961633
1802,0.019221318087134797,0.9180220556363352,-0.05976418576879222,0.14576006935276725,0.0622247047093398,0.22901670386022616,0.1578621634352184,-9783.548152937197,-5.1146739279413636,0.04722500970293766,-5.18347485455268
1803,-0.36437678145373487,0.8686332630111239,0.07049706256034494,-0.013225458275279491,0.06560572697726799,0.22850197921663312,0.1578621634352184,-9782.082909553324,-5.094095801439346,0.04725491217776762,-5.376885285150278
1804,0.0012267317423935143,0.782115454212037,0.06556024794521115,0.1527463165085543,0.07616560854958904,0.22634943806258373,0.1578621634352184,-9783.223338501417,-5.2030241147391765,0.04823845297919719,-5.143974392892376
1805,-0.0014344446580184145,0.8068527722254666,0.05555093191929045,0.13755310758588818,0.07152718823471205,0.2264548258710239,0.1578621634352184,-9781.555055502935,-5.1790043248203235,0.04758796924559029,-5.248556873405838
1806,-0.001474090536284342,0.8224530967723681,0.04171475842773316,0.13579483970552747,0.06978279114882034,0.22679777426685485,0.1578621634352184,-9781.565415484323,-5.197251079915156,0.04742258238440172,-4.9700984678830995
1807,-0.706469226021994,0.361106490880867,0.786175332061982,-0.2925930149841579,1.554849099303806e-08,0.23601662950147434,0.1578621634352184,-9778.945090284113,-5.054523219847791,0.040181530546075,-5.653208776575451
1808,-0.0050771893042834935,1.1146767695376913,-0.22575426855288394,0.11021897711930145,0.04044536473573791,0.23202520781622826,0.1578621634352184,-9783.106451174468,-5.2817318127697,0.04564353323644601,-5.479181476680003
1809,-0.00749120901491969,1.0985700362124504,-0.2057297601975015,0.10580367680871795,0.04309937806030254,0.23159615555727514,0.1578621634352184,-9783.134396096208,-5.3213338652024795,0.045936094382255065,-5.2196381260372124
1810,-0.004998483800204364,1.0890558143688494,-0.19773470556766276,0.10783632787350597,0.043752494138212805,0.2315859916327612,0.1578621634352184,-9783.113985324137,-5.276881173848082,0.045923510405175116,-5.214724303853215
1811,0.014920712876213129,0.6069168566942598,0.19775791718647695,0.1987551721135904,0.09168276753164548,0.22268118275174875,0.1578621634352184,-9783.406614399286,-5.251214581031745,0.04970005802182723,-5.1276116653462696
1812,0.0008308192325975671,1.0407520265649977,-0.16172383618841957,0.12132284392986054,0.048643409747570004,0.23103822796429968,0.1578621634352184,-9783.224907325923,-5.20993019241898,0.04617319930332743,-5.320890607376137
1813,-0.005279415559025834,0.9988595281931978,-0.11450534115350827,0.11474668109934752,0.05368966702414743,0.23039272516657427,0.1578621634352184,-9783.109071226849,-5.239103524275259,0.04656423224465933,-5.0679450685707605
1814,-0.4245861956054543,0.9105733088801482,0.03781707470694046,-0.034622245328698203,0.05777981577595109,0.23021338208511094,0.1578621634352184,-9782.26411010273,-5.1665933187768935,0.046460024139594096,-5.073209371577541
1815,-0.0005048603610059519,0.8257029228466227,0.030982406713408163,0.1434030506896204,0.07140944644808253,0.2275953079134534,0.1578621634352184,-9783.353864832963,-5.1618181774876355,0.04781268200358673,-5.152660315897317
1816,-0.5057155047485742,0.7867625980958475,0.17323082926928082,-0.06270081304730027,0.06555292412932948,0.22897898229064484,0.1578621634352184,-9781.743678486624,-5.1424858860009905,0.046749610629583396,-5.262157991380997
1817,-0.043091053812771014,1.1091176721395337,-0.17775553153747786,0.059993383899795305,0.04184671547533095,0.23187521386701374,0.1578621634352184,-9782.22392838432,-5.178254534356279,0.045860823627496515,-4.811039174547162
1818,-0.0014105483573260708,1.214186992134215,-0.42141527743600515,0.2072157155267296,-7.436373712382233e-07,0.2342834254713626,0.1578621634352184,-9778.578379098477,-5.109129782805518,0.04001112839043987,-4.876578057890828
1819,0.0010348707508811934,1.2144910926284225,-0.42225914566006195,0.20821428456195773,4.0305983492427297e-07,0.23440184493542285,0.1578621634352184,-9779.109322277603,-5.070267008405425,0.04002670744160339,-5.075020563512496
1820,0.0009136409254517797,0.2552468380420325,0.42621180474825815,0.31928126098936876,0.14317807855423154,0.19689098134332578,0.1578621634352184,-9781.879498407901,-5.084427173472406,0.05950940777621079,-5.493956582656278
1821,0.0007695434866290006,0.2769762295150437,0.4095850737376094,0.3142249060170404,0.13854602164599827,0.20074588894726267,0.1578621634352184,-9782.74602835807,-5.203445921172248,0.05836533358181477,-5.016146139019723
1822,0.002812610674926007,1.2022956718664357,-0.3140279568749721,0.11243339149512926,0.026731395515841333,0.23300845549208155,0.1578621634352184,-9782.0318275918,-5.14993122912858,0.04421231771538323,-5.395636712303699
1823,0.010739040538377634,1.215374434917406,-0.4207196253081045,0.20773402061629306,6.920971884321885e-07,0.23513827339136306,0.1578621634352184,-9780.189631212204,-5.207687542760298,0.04012052600176898,-5.56352168183242
1824,0.0008595168988350963,1.210257742733774,-0.4186473439405638,0.20882668042356906,2.7916051682936208e-06,0.23443969968566167,0.1578621634352184,-9779.409041928764,-5.27788639837688,0.04002736785069234,-5.703365802783004
1825,-0.00321249235636332,1.1726876851148282,-0.31786785784760907,0.14472406514113922,0.02883693731055016,0.2318907780575044,0.1578621634352184,-9781.430026492015,-5.409721328667774,0.044168903990890206,-4.913722716637586
1826,0.008367712838654243,1.209690944080259,-0.4167427088590408,0.20894352144858092,7.611613305501444e-08,0.23579395595508754,0.1578621634352184,-9780.934332227993,-5.233574239731129,0.0401281003843116,-4.69692816601674
1827,-0.0014715817064846672,1.2056581374774873,-0.416661465778391,0.21090793233667154,-5.100693523563695e-07,0.23664599009863035,0.1578621634352184,-9781.872983489793,-5.108234301468782,0.040108998364998275,-5.556153228223183
1828,0.009186041896798816,1.1967898425649819,-0.41764407021812633,0.22297989422235412,2.076061903802725e-07,0.2370786196434907,0.1578621634352184,-9782.010139876773,-5.231567273090101,0.040186262772126835,-5.091802792155208
1829,-0.13300795416574368,0.82650898591166,0.033097447460681745,0.11349992721963376,0.07494675419034219,0.22846139266423945,0.1578621634352184,-9784.571331623029,-5.169593970485438,0.04822380401870284,-5.188076708676627
1830,-0.1416892461506648,0.73716382317639,0.1473293345094774,0.08688604473228133,0.08174369142204466,0.22710572754788544,0.1578621634352184,-9783.926889465307,-5.171989809660579,0.04873744663643645,-4.860038555544735
1831,-0.30208064888914765,0.21236247953294662,0.526655805910681,0.19994883323646995,0.16865591092978804,0.18179609232215643,0.1578621634352184,-9783.40637010137,-5.080714102338916,0.066605164329142,-5.339333352992967
1832,0.0006810290172407413,0.18931332031761167,0.4179733444513703,0.39369860409335045,0.1430362833274899,0.19866891263926625,0.1578621634352184,-9784.26971248817,-5.193139160873902,0.059598040521819495,-4.885431179105992
1833,0.0003852217974876665,0.1902729980567005,0.4273386821497312,0.38323232377558397,0.1395384521763875,0.20129335276537166,0.1578621634352184,-9784.743887277202,-5.1084075378878016,0.05870339992621766,-5.4590574943047425
1834,-0.03856870495080669,1.1618849660169142,-0.2510605912010641,0.08153713048118096,0.03254284797057366,0.2356678538992919,0.1578621634352184,-9784.777156858618,-5.192401673477473,0.04464238907291241,-5.6240380344696606
1835,0.000670879089714931,0.5979264474287522,0.21947694422726555,0.18329488252047857,0.0783617562207391,0.22979176115746958,0.1578621634352184,-9786.048967988307,-5.31471618596605,0.047376965715036815,-4.4204565584754025
1836,0.0043628305482802145,1.1894271367335032,-0.4203088654963963,0.23212937099372424,-3.958633897572002e-08,0.2410438142175851,0.1578621634352184,-9786.254844659119,-5.084395909995219,0.0403259133481338,-5.1361724747967585
1837,0.004775101931277189,1.1870841838476853,-0.41848251583000495,0.23275716204910823,-5.416513775796585e-09,0.24097113244952637,0.1578621634352184,-9785.67752354993,-5.117402732333142,0.040325728961187156,-5.437693684464997
1838,0.0020423079621675194,0.18878197049971868,0.5253830422018486,0.2871059576078184,0.11173972132699855,0.2208459477152082,0.1578621634352184,-9790.216523818915,-5.206123591783446,0.05254259721586735,-5.503490059072883
1839,0.0004514738977823621,0.22050535739010313,0.49794519644759805,0.28257696527491005,0.10689678340964937,0.22334720430583016,0.1578621634352184,-9790.583933959844,-5.269430085170228,0.05154315762916128,-5.535735010792802
1840,0.0051897855619230425,1.1768131812905156,-0.4184697075883417,0.24319137775486888,-4.94610712056924e-06,0.24148966661362797,0.1578621634352184,-9786.34299019775,-5.315142669334851,0.040350967255345996,-5.136796939560695
1841,0.002295673382746782,1.176114200653553,-0.42072972354907134,0.24554793812766323,-2.4850613461382395e-06,0.2417085618222325,0.1578621634352184,-9786.91668714311,-5.2597067843561325,0.04034465933517994,-5.406639100443774
1842,0.0008060464953332455,0.17699333511444326,0.45286278936572244,0.3712366948194117,0.14085545171528008,0.2039722106656653,0.1578621634352184,-9788.247895754519,-5.306937074746572,0.05923214753897875,-5.3663730805382075
1843,0.0018263591189680481,1.1794362936043004,-0.4240134884061457,0.24537392722661272,1.5311969170062786e-06,0.23978030062631506,0.1578621634352184,-9785.345500244697,-5.297308303445491,0.04025987896940014,-5.135975844100238
1844,0.0013843943275798785,0.19254189534223165,0.4697146876520384,0.33878742082363045,0.14540664595859004,0.2000261087224643,0.1578621634352184,-9786.612187208182,-5.258793372166984,0.060374726724494954,-5.4173430334634745
1845,-0.0003944377385930411,0.21141713824749556,0.5054246493194026,0.2837555526138156,0.1388721639404993,0.20457897153576493,0.1578621634352184,-9786.736018222042,-5.29611777403648,0.058714305274696864,-5.08433506126994
1846,-0.27360495196756673,0.21809413085266433,0.6041848630461383,0.12257543827450547,0.15260068861729348,0.19686175923783925,0.1578621634352184,-9786.275336111737,-5.217686917994387,0.062259937836746417,-5.119678766222476
1847,0.0021701012984116433,0.22193139300417025,0.5006536920902496,0.2783742612794532,0.14311411673041138,0.20208690457662415,0.1578621634352184,-9786.782176774923,-5.210531689777962,0.05981537810671106,-4.887215493983134
1848,-0.5176335648659125,0.8068192550658018,0.13600511442548374,-0.048274142657590766,0.0646312634806247,0.23313397041790657,0.1578621634352184,-9786.104747095125,-5.088868021614917,0.046784924213281696,-5.568272063014673
1849,0.020263026809809237,1.1818723208528343,-0.4158218083555436,0.23834222354294407,9.998541818027312e-06,0.24041129937107464,0.1578621634352184,-9786.036129989521,-5.255421919825421,0.04041462224263154,-5.251687825210678
1850,-0.22336449339839226,0.2007351822639883,0.5912623222245781,0.16322752563124737,0.14999354416612587,0.19833697744160522,0.1578621634352184,-9785.947869903594,-5.219613906585633,0.061511503153500895,-5.588035843024749
1851,0.0016763938783401588,0.18348196400954364,0.4811767128791191,0.33662445784736794,0.12044632743131845,0.21418023494470537,0.1578621634352184,-9786.499702240717,-5.328166381659315,0.054256070434456995,-5.384863215101304
1852,0.0005035933655666052,0.19495900298510238,0.5267959399521458,0.27923283326477755,0.11122649011632257,0.2186590927601187,0.1578621634352184,-9786.487839874248,-5.3305763551554,0.05232756181177795,-5.099890114272933
1853,-0.17376471439755842,0.2156493903004945,0.6165402838556053,0.13319223801574825,0.1331312225272259,0.2089250835125159,0.1578621634352184,-9786.381824873573,-5.258187844825969,0.057266868877830036,-5.599358977402059
1854,0.002635208940544256,0.5035984159315328,0.4040714367644125,0.09347004119174128,-7.695156467805032e-05,0.24128533609271285,0.1578621634352184,-9785.81045684368,-5.34503506300397,0.040346613929235706,-5.178297961794422
1855,0.0008060422440162144,0.22496671350679676,0.5194264743441959,0.2567173876356228,0.08734228936268454,0.2276050792231468,0.1578621634352184,-9785.993978273986,-5.300603045334583,0.04786774533386956,-5.511964909075072
1856,0.0011460194985402064,0.26259320111999396,0.48321967039686364,0.2553966069296697,0.07898456851339389,0.23043613528171347,0.1578621634352184,-9786.1956849495,-5.349073629276759,0.04655883840489599,-5.411995121121921
1857,0.0037134028476728323,0.13358819107214154,0.5441198396743787,0.32416784316950764,0.10822164829214649,0.21896088355530713,0.1578621634352184,-9786.105730012116,-5.3543937931193355,0.05172081152528653,-5.801679918090431
1858,0.0009353987793852586,0.71347459943264,-0.05229943506265672,0.3399765069499885,-0.00029975231753384647,0.2413455054700549,0.1578621634352184,-9786.39298002297,-5.442243966311711,0.04032533389393955,-5.908629648393074
1859,0.0015031767397680213,0.18426406836278247,0.49821441782291637,0.31906711562941825,0.13159520918258283,0.20851842393809167,0.1578621634352184,-9787.138400544642,-5.548714810328093,0.05689814627432449,-5.839096357375069
1860,0.0015246440792676084,0.20165569154945073,0.4975579752308942,0.302331867261629,0.1368614806791995,0.20584994920183913,0.1578621634352184,-9787.415985242036,-5.599583994690474,0.05820887147421369,-5.3997042779960465
1861,-0.00288800015657193,0.20346682459077384,0.5138288123878204,0.28325991618594615,0.13079360070295606,0.20958212754206862,0.1578621634352184,-9787.551245966191,-5.5229631478410335,0.05673433819234497,-5.669369145720077
1862,-0.12317618087523141,0.2112235696721894,0.6094059962591747,0.15544912498949048,0.14421428032262865,0.20260428874740893,0.1578621634352184,-9787.474719240174,-5.5503344709522295,0.06017400482578162,-5.799609272569376
1863,-0.0012311919016372123,0.18983030387594535,0.5460993776856833,0.2650582333813776,0.13438703107614458,0.20746377029367946,0.1578621634352184,-9787.734988304761,-5.601061126442435,0.05767996633092352,-5.6390148352884255
1864,-0.0016651387138969056,0.2123298715131718,0.5479034665270002,0.2406277909740312,0.12776881870503526,0.21130223404008053,0.1578621634352184,-9787.732159552288,-5.586866926088899,0.05609383443246645,-5.394568182233903
1865,-0.005001313958162364,0.2626715148459729,0.5797993102851278,0.1574842336588701,0.10581378338445752,0.2219310636959617,0.1578621634352184,-9787.807145832232,-5.524227232339739,0.051524279599450495,-5.27851995402165
1866,0.0002725977994407966,0.1894485668200273,0.5375635485471681,0.2741854884912124,0.13684543210325278,0.20634054539758084,0.1578621634352184,-9788.079897116722,-5.463807788488309,0.058295678643025546,-5.862964652791385
1867,-0.017633728971612878,0.21906934370991824,0.6361827609273446,0.14214007982268778,0.11557817274756332,0.2183916167723406,0.1578621634352184,-9788.807544065752,-5.564900106089624,0.05362292122693041,-5.767974516121715
1868,-0.010285780928071744,0.2201977017942971,0.6243284556360769,0.15441881177863925,0.11872818594970874,0.21700028053752088,0.1578621634352184,-9788.984316840713,-5.597443936622585,0.05430126144949227,-5.177382291862687
1869,-0.0013632424622050938,0.5458635290648588,0.36712431109126364,0.08742033406821509,0.06779088207389997,0.23558403665729255,0.1578621634352184,-9789.632963195765,-5.4783834736268435,0.04600382566158931,-5.459283881195726
1870,0.012915224087559588,-0.003634502471951664,1.2057251642300029,-0.1990242814502019,0.0006287062870277305,0.24071915204073768,0.1578621634352184,-9787.340191977131,-5.49582315325415,0.040635146549497965,-5.5488167899729754
1871,0.00045323780610106307,-0.3133736753174142,1.6076159518440156,-0.29368245002193977,2.058701727509196e-05,0.23894810560857455,0.1578621634352184,-9784.502642881129,-5.507100741664166,0.04033419166962893,-5.513656144869885
1872,0.0056252612024586665,-0.36802873805693187,1.6455144565842916,-0.2757875642349665,6.154537434441824e-05,0.23839730864389894,0.1578621634352184,-9784.465792657178,-5.510619802641704,0.040380063442645095,-5.028045823079886
1873,0.006427993535657721,-0.3731900323817395,1.3564696111904928,0.019242134699776585,-4.033777853404038e-05,0.23789316096853436,0.1578621634352184,-9784.36402481449,-5.386787009193693,0.04023286782493906,-5.000753788839846
1874,0.0008536362003117766,0.7587893598968938,0.04484698171341409,0.1974043127842996,-3.37037884479185e-05,0.2386122485852729,0.1578621634352184,-9784.321960776802,-5.308433669272674,0.04021750698646846,-5.808776498558269
1875,-0.13649707358425545,0.1931653660621308,0.6170357480290014,0.16329531732325683,0.15197905151257732,0.1914544632049343,0.1578621634352184,-9781.232317278218,-5.429243190618416,0.06201577584232437,-5.448122239355991
1876,-0.006593716124380937,0.1845583380144618,0.5962943539248307,0.21885877293340894,0.13072467889242226,0.2037819842913778,0.1578621634352184,-9781.263536591638,-5.435847233489363,0.05662489635272601,-5.585636047883808
1877,0.001124625409203019,0.6732043695372671,0.1644392563612918,0.16339565646182624,0.06316326397576702,0.2281741503895266,0.1578621634352184,-9779.672745848615,-5.4796309762081075,0.04514200826661548,-5.244487462185022
1878,0.0010189860405230883,0.2104570814938705,0.5326466727584147,0.25819037002381084,0.1355517936135689,0.1986794476184074,0.1578621634352184,-9778.481422701796,-5.415063133206005,0.057581805003937656,-5.402941064782925
1879,0.0006862516879744239,0.2234369082054286,0.514358661728973,0.26346035963324166,0.1328712745613413,0.20023639760385759,0.1578621634352184,-9778.389565874835,-5.429311639058407,0.05688660546634805,-5.112523594803837
1880,-0.15277571234184684,0.27966926535836617,0.5936303514662244,0.09661570325008056,0.13601113164378104,0.20005248833538475,0.1578621634352184,-9778.412805364844,-5.3161383009573,0.05779445901244811,-5.334123167615112
1881,0.0044287307916958465,0.7277926209130003,-0.37298326905706924,0.6476149421474972,-0.00011618731119988924,0.23120854992379913,0.1578621634352184,-9774.857009188268,-5.34745076097832,0.03989978769225776,-5.130282253182201
1882,0.0032825122925364643,0.183378240891635,0.5809120735922284,0.23714694516329865,0.14882476662658944,0.18870297499370117,0.1578621634352184,-9777.175300013725,-5.295510148235469,0.061109725157430614,-5.518562632500934
1883,-0.6478059859869927,0.36916499480217846,0.7764942371478969,-0.27907161752253695,-1.4836552331972053e-08,0.23064157124954043,0.1578621634352184,-9769.479359005818,-5.276026383748461,0.03983937620692266,-5.279125750046391
1884,0.0013628296716072486,0.1983668427593822,0.6091017360426747,0.19340186632717365,0.15467719713714195,0.1832437530606957,0.1578621634352184,-9775.217998762539,-5.339796006289664,0.06274921132269107,-5.331287035834963
1885,-0.0022589232652452315,0.1715849914743845,0.6965497921152484,0.13197192508674288,0.1392681148883087,0.193086334701279,0.1578621634352184,-9775.090985036853,-5.34569650391519,0.058880911567741535,-5.441955259966145
1886,-0.20848640268294827,0.18422968330690168,0.7511685937857837,0.023122318512558904,0.1432562435396733,0.19080837143224805,0.1578621634352184,-9773.965918707756,-5.3407726366195725,0.059891020447131675,-5.451215002268713
1887,-0.025088958436697145,-0.0848478424398536,1.331277914312094,-0.25105894590654815,-2.8055547983017885e-05,0.23016345805989322,0.1578621634352184,-9770.96085997596,-5.383848354134496,0.03977907062353609,-5.728733680227092
1888,0.0008301348587165876,0.4330189330444889,0.7008620749194436,-0.13333328117173132,-0.00012039211861732699,0.22997543371959975,0.1578621634352184,-9769.592696333935,-5.487844410059311,0.03994115782250173,-5.378328798611069
1889,0.0017879831169421195,0.18640397044548676,0.5991785894596222,0.2158536353744638,0.11954131557714942,0.20135082851282243,0.1578621634352184,-9770.795805493768,-5.443578704681299,0.053671580895619145,-5.495458370505803
1890,0.0031468175747176976,-0.08718265954156318,0.7653754658864274,0.3239344792645382,-0.00029274492709642063,0.22952480874258507,0.1578621634352184,-9770.715637752211,-5.444324923978024,0.03983629091537948,-5.043581039270016
1891,0.0011898531593252117,0.07762349092628121,0.5772007075889525,0.3469015559225116,-0.00022385882107628054,0.229732191569756,0.1578621634352184,-9770.704324801178,-5.34713027264626,0.03984001720600541,-5.048451597354352
1892,0.003578354502202698,0.37412045182208276,0.29090555442560506,0.33698459640442485,-0.00011260751566006695,0.2298494224868569,0.1578621634352184,-9771.007384291115,-5.289268688850753,0.03984880872198003,-5.066410720570196
1893,-0.010146474859645292,0.5219762204647662,0.11777188245029793,0.35945174126199453,0.000992072293851125,0.22983839609995144,0.1578621634352184,-9771.269731541226,-5.250509512653488,0.0398194144634122,-4.540402098576043
1894,0.00048635560347837117,0.16295733422798608,0.5275651882177526,0.3105937263389854,0.1375634213781311,0.19260111982708553,0.1578621634352184,-9774.163187512568,-5.08229707362297,0.05791109941880738,-5.212370463143675
1895,-0.20805115953565145,0.1953782942937046,0.7544463217031978,0.00870453863721777,0.1355957886749038,0.19488993085393233,0.1578621634352184,-9773.317337541816,-5.093974432455034,0.05792251908385996,-5.052427374606121
1896,-0.016427868224226705,0.4341807210753079,0.6991673062405314,-0.1363072817090354,8.084358282842032e-10,0.23130502221255095,0.1578621634352184,-9771.917558724614,-5.1595692261937,0.039833080455639616,-5.371167907161427
1897,-0.04440442001261094,-0.0370998923598376,1.2128102215728036,-0.18406929314256815,0.0049429923086224785,0.23149886649389223,0.1578621634352184,-9772.564871345156,-5.214531138550838,0.03988234939729622,-5.295693132755024
1898,-0.011544773427048535,0.5747170406234667,-0.7381108502259155,1.163864587235219,9.939427174600273e-05,0.22678428154338992,0.1578621634352184,-9769.373850815778,-5.24714891603031,0.039694841949759356,-5.1325500738240635
1899,-0.00896866342517429,-0.28716166549102906,-1.232609980278618,2.524409021053322,9.445520573153044e-06,0.22841759552598478,0.1578621634352184,-9771.543326643057,-5.227303463809199,0.039771361376894986,-5.544127075746178
1900,-0.004737997901081845,-0.5056119065150302,1.7010163952431752,-0.19537606605985958,-0.0003815207110583216,0.2308171753762886,0.1578621634352184,-9771.637586891808,-5.326901467989944,0.039911495953553616,-5.712031866190316
1901,-0.006211478957921084,0.30252125591895623,0.7894933626416396,-0.09259585541129704,-0.00025955658572650135,0.23154628204345518,0.1578621634352184,-9771.642435288752,-5.414822783837283,0.03991484773481338,-5.413526910597078
1902,-0.006165151277881167,-0.4336536984051408,1.5728167275156462,-0.1392017504362133,-0.00016151581117353992,0.23075174396076198,0.1578621634352184,-9771.388554228699,-5.407649920222493,0.03989885220737935,-5.419809688200067
1903,0.007993344775163027,-0.4100130896402242,1.5348964997322152,-0.12203856748795192,0.0004789996221123055,0.23055883332774296,0.1578621634352184,-9771.695236377956,-5.412972016521054,0.039975029068608614,-5.149383201066636
1904,-0.002131681528001501,1.3063746053795624,-0.3308520692061177,0.02424395273556238,4.386618484295581e-05,0.22993702810764627,0.1578621634352184,-9768.263018545038,-5.345905447545763,0.03982834813060159,-5.678259022762099
1905,-0.008520730895969485,-0.16408152536943288,1.2902914169969268,-0.12694773521262231,-0.0002517445242433223,0.2313480660268502,0.1578621634352184,-9771.94809429972,-5.429902318630921,0.03990700682280032,-5.6065287505769605
1906,0.00224651479487834,0.2600426394388672,0.7843684295005532,-0.043021880749378544,0.00018637593126246535,0.2305473224866811,0.1578621634352184,-9771.271540761221,-5.472645511690289,0.03993484806348961,-5.641976307386351
1907,0.001909152886386638,0.7894647981814786,0.2140289342264629,-0.002501536621203098,-2.4401526951070177e-05,0.23102210255770678,0.1578621634352184,-9771.2284573951,-5.507649610460476,0.03995736280058429,-5.701408554261998
1908,0.000993478966827113,0.049648778341273514,0.9445310423509683,0.007507138794616489,0.00016466340907245723,0.22917637385395268,0.1578621634352184,-9770.267263576123,-5.54673299966053,0.039856962411695084,-5.655677815543853
1909,-0.07060765583900105,-0.48810532076871205,1.4831225331036204,-0.00711002290387013,2.459321717164343e-07,0.22683085679797083,0.1578621634352184,-9768.934484448106,-5.54111129880092,0.03964272883110097,-5.954893430242156
1910,0.004091388801364834,1.0267882100214378,-0.15586895612166102,0.13087117445234533,0.00022957881446694035,0.22547431997102402,0.1578621634352184,-9762.97191312167,-5.646861067694755,0.03969875803335352,-5.424307347018009
1911,-0.0017472872382852612,-0.7378487145490402,1.7806126240782274,-0.040959189715085165,-0.005845896560857303,0.22347862247021316,0.1578621634352184,-9763.448718522448,-5.57706369192088,0.0398501398793956,-5.648294861582444
1912,-0.047543686670376104,-0.689529119773574,1.7518279196977393,-0.06991649037315706,-4.297611001804554e-08,0.22458536959290065,0.1578621634352184,-9763.520032095477,-5.571112066815147,0.039558885167868055,-5.341832360214782
1913,0.0027706483935303677,-0.7121019632707466,1.7873087738971085,-0.07283189903175627,0.0001268869050872747,0.22268119028044725,0.1578621634352184,-9759.794789115262,-5.522158827485817,0.039587107841421734,-5.657241628612567
1914,0.0026227869957919387,-0.6504844701967034,1.7105104526810793,-0.05772678963555507,0.00012352608788999248,0.22258712676116055,0.1578621634352184,-9758.837674773802,-5.557373778315668,0.03957992249472353,-5.64137091353065
1915,0.0017361834905271242,0.9881872187499543,-0.027457901553518106,0.04018110206161342,2.9468266816977065e-05,0.22325960899418315,0.1578621634352184,-9757.529605550519,-5.57474584806563,0.03960486384244864,-5.430107561560363
1916,0.0015382836944371468,1.000780292073773,-0.03210892579357359,0.03214008147237005,1.517978939976359e-05,0.22321448310554182,0.1578621634352184,-9757.16618945076,-5.534853795990854,0.039604078756041855,-5.494227896595716
1917,0.0018968825397421844,0.9916968544648563,-0.01921766208673504,0.028388613913094385,6.066005904563096e-05,0.22315350913276388,0.1578621634352184,-9756.998392934822,-5.527224501191522,0.03960767247624943,-5.490684511099711
1918,0.0017846127446248317,-0.7165476810339393,1.8460423236104733,-0.12766964029685215,0.00032851793072652223,0.22109123414879528,0.1578621634352184,-9757.357412101464,-5.519685181169871,0.03951980543606759,-5.607262987974816
1919,-0.002501975222204937,-0.4054794846080694,1.521405733615559,-0.11521966130495905,0.0001098997570448762,0.22174034486554217,0.1578621634352184,-9756.852315494923,-5.540621038604823,0.03952718078785787,-5.687806176886929
1920,0.0012906122899921232,1.330396568893823,-0.37370011904428546,0.043780269901244104,1.4031343593442711e-05,0.2215829757748511,0.1578621634352184,-9753.59541619833,-5.575869796187631,0.03954907656934989,-5.736722472518556
1921,0.0004892894985667642,-0.6878304333636303,1.7942673837359795,-0.10489131979353866,6.681171389066637e-05,0.2193929081017123,0.1578621634352184,-9753.864247767486,-5.6067092970535315,0.03943559403727842,-5.471260268975709
1922,0.0019476829401053703,1.2874428606668418,-0.3376475522944302,0.05087155139805431,2.611112227377345e-05,0.2207940991753637,0.1578621634352184,-9752.289015372422,-5.567457552585043,0.03951690289859148,-5.474152182565688
1923,0.001571593699466412,1.2651765239544388,-0.32092203609572734,0.05637045390156004,1.943818511230792e-05,0.22054387188513513,0.1578621634352184,-9751.86197765717,-5.5433401029981235,0.03948891332642738,-5.379104331628902
1924,0.0020657885097889322,-0.5923465682777308,1.6332132597881035,-0.03894011825197921,5.4389005766511086e-05,0.21897606291042232,0.1578621634352184,-9753.43533161193,-5.503970556575402,0.039414818248178204,-5.485184845574972
1925,0.003192668689711138,-0.43106540658174286,1.4025566394775038,0.030803884871044858,0.00019379713786033925,0.2185706004478298,0.1578621634352184,-9753.01221620095,-5.507390559529089,0.03939523390249022,-5.67247674913766
1926,0.002213648950108465,1.1369123057571129,-0.22175888003130595,0.08582195045628067,2.1317894780706684e-05,0.21834675233500733,0.1578621634352184,-9749.088503667497,-5.553868112033596,0.03938129752773746,-5.21139362652118
1927,0.0021125122740837435,1.1352401438829096,-0.22557690044753764,0.09126056900456672,2.7862474560091926e-05,0.2180238489811933,0.1578621634352184,-9748.63857442041,-5.465438466447498,0.03936173354637332,-5.445961955509089
1928,0.001358987091017979,1.0477012680085165,-0.15830128289658485,0.11151172174441987,2.8939736658887592e-05,0.2175534742811304,0.1578621634352184,-9748.37810632007,-5.471205129529209,0.039329798999988855,-5.216696558063901
1929,0.0021195566234129765,-0.3935908734888543,1.3524012554403364,0.04315510255114893,0.00011574307137321535,0.21897048574815434,0.1578621634352184,-9752.25326479547,-5.417298489600342,0.03940530680486001,-5.356422859861833
1930,0.0028269282408245854,-0.03851305029985416,1.0403760456633544,-0.0002272183503256878,9.025671901531724e-05,0.2191075163807221,0.1578621634352184,-9751.289812966335,-5.415960473240096,0.039420986943296196,-3.4019332748511233
1931,0.006916012931924155,-0.3440272239701426,1.3177271485240718,0.028708902785510967,0.0008887445713278235,0.23125629144084792,0.1578621634352184,-9770.39494134146,-4.959112605826351,0.03994594288579026,-4.342756678645989
1932,-0.2813379395038783,0.13749867180266345,0.6842881363183939,0.1225385415941353,0.17697179026750734,0.1589501480615993,0.1578621634352184,-9768.76722828467,-4.777917668669129,0.0692607139891635,-4.589345724784682
1933,0.0006434101588067613,0.13182421379423143,0.6520102408122479,0.21666380715702516,0.16323947149586582,0.1706190384128014,0.1578621634352184,-9769.986766283973,-4.794074937786336,0.06524769893577453,-4.661395505622261
1934,-0.06719756902843718,0.9674876181994118,-0.01157295389222605,0.030872906027420703,0.04561269845734743,0.22443500874796388,0.1578621634352184,-9769.49307501532,-4.794444467913429,0.04441379983340729,-5.089867723891752
1935,0.0005013091187780335,0.12235274733073555,0.6562067243311296,0.2219708573263697,0.1542198269708451,0.17808668385543458,0.1578621634352184,-9770.317989188574,-4.875706173303898,0.06265369700118795,-4.39332036451322
1936,-0.3122920220123764,0.12371874018377892,0.7215837011442519,0.09266779753669382,0.18481094773723805,0.1516887340392309,0.1578621634352184,-9770.311090833635,-4.784865921271304,0.07208361268934081,-5.173045286469506
1937,-0.3308203979675031,0.1074546812424857,0.6913736266055407,0.13557643275309617,0.19638078861650382,0.1377448873109708,0.1578621634352184,-9770.229971617224,-4.90820683527544,0.0760878680891892,-5.329990173660569
1938,-0.34279893917359805,0.1171794389276818,0.6319077383028946,0.1831369798420326,0.20776477446454947,0.12316339781293713,0.1578621634352184,-9770.766507680682,-5.037312101767913,0.08009592084072162,-4.636459072551659
1939,0.001330746027041606,0.09805645493468923,0.6594413212096555,0.2429473281246111,0.18898714297587244,0.14731630312060998,0.1578621634352184,-9772.678228123568,-4.966912443160277,0.07388816067035174,-5.453704719161095
1940,0.0011114599878116133,0.08299663927099163,0.6374312528591748,0.28017451702744123,0.19416092473518137,0.14172474689578957,0.1578621634352184,-9773.816648171884,-5.075673231331645,0.07581736140483322,-4.991676334744416
1941,0.0015613806611873252,0.07944255845283643,0.6465568830325983,0.27470429094393883,0.1904715839676206,0.14579338753753135,0.1578621634352184,-9773.653589691889,-5.105832866449658,0.07454406377436058,-5.055846234785359
1942,0.0011941002266428998,0.07638515790954434,0.6557842370088833,0.268439070166149,0.1884494094133189,0.14799651001754444,0.1578621634352184,-9773.703615470124,-5.082491746710047,0.07387502182162217,-5.0210121335252795
1943,-0.0008785558534245496,0.08635624237348587,0.6330737735458261,0.28062441965091794,0.20306983235625176,0.12872358518778457,0.1578621634352184,-9772.653194710405,-5.050905973168244,0.07899218956162814,-4.772593455385762
1944,0.0019006105298329163,0.08201970973165043,0.6618012990324444,0.2567155189786831,0.19578884343055117,0.1387140117686554,0.1578621634352184,-9773.071555449265,-5.021190138667617,0.0764278043736473,-5.160969804923136
1945,0.0005077657893855024,0.07726673498095527,0.6565180892876875,0.2665750466954796,0.1980538290775956,0.135275595890125,0.1578621634352184,-9772.868915550924,-5.028311298136705,0.07726623261457488,-4.547121395106837
1946,-0.35338205729976835,0.08966095441607004,0.6818430313341566,0.15840379351055364,0.20935534013629373,0.12186237359373502,0.1578621634352184,-9772.765940334772,-4.921511205769599,0.08110285177054927,-4.924609411826109
1947,-0.3480749996150855,0.08777672542597362,0.7014042469894084,0.1417985217300237,0.2037742293006557,0.12969462051106834,0.1578621634352184,-9772.630853775818,-4.914537637156938,0.0790493849387943,-5.311234568568149
1948,-0.326951704042672,0.09259467350633928,0.6929964110305256,0.14978306409882405,0.20113910657675782,0.13422743730186476,0.1578621634352184,-9773.112896707526,-5.00997978656045,0.07804237585226582,-5.168553020883463
1949,0.00031389745142343134,0.07930158618756915,0.6807161699348341,0.24039249273644278,0.18775295558136956,0.1494783805062323,0.1578621634352184,-9774.273555759422,-5.077258229356707,0.07369037775432036,-5.129973089440341
1950,-0.3251079467650301,0.09443975285446454,0.6978645934624605,0.14350237171233166,0.19904513507459126,0.13708338549497542,0.1578621634352184,-9773.196444363166,-5.058013482406595,0.07727531296711738,-5.028305445117072
1951,0.0006383245875846303,0.08171164380484738,0.6793941302937563,0.23937570536096603,0.18867839988012597,0.14860110400293014,0.1578621634352184,-9774.359740691445,-5.085670219606984,0.07399620766852519,-5.335581741604939
1952,0.0005180812987973494,0.07767985384484227,0.6934013123935808,0.22942895173667943,0.18622233963295634,0.15123580845414974,0.1578621634352184,-9774.52242121276,-5.144038290476833,0.07321217843296818,-5.320007011406289
1953,-0.32246096068338215,0.09681013148800195,0.7066393724040838,0.13304870767140675,0.19830427112114013,0.1383838247917811,0.1578621634352184,-9773.571580060225,-5.1708679933258725,0.07702738895735393,-4.916919084841606
1954,0.00036869996455971845,0.05708221976802407,0.7567395855891572,0.18670751331757307,0.16927971615191262,0.1675831305386079,0.1578621634352184,-9774.910375479052,-5.120075629753493,0.06793914122834742,-5.161721296370687
1955,-0.30086509629888364,0.09344002451919745,0.7129103266160439,0.13450045829754897,0.1937095964460901,0.14322239401875547,0.1578621634352184,-9773.259232282739,-5.115469957112016,0.0754016785884347,-4.554592547866261
1956,0.0004313772514578056,0.07551370531044053,0.7132541771148806,0.21167625710746107,0.18161291892616613,0.1571726408020142,0.1578621634352184,-9775.760889912453,-5.0072921501425185,0.071755513438025,-4.737448689456336
1957,0.0005232423691146199,0.08549696450101968,0.7044605923588176,0.21041816987108436,0.18314910843350762,0.1563264594960101,0.1578621634352184,-9776.186784044647,-4.931006074629767,0.07220284918954148,-5.132735739645402
1958,-0.3132156187341747,0.09681795137516161,0.715043751003537,0.12630187204802654,0.19335139536718948,0.14637379544404638,0.1578621634352184,-9775.329812702314,-4.964473919566915,0.07534340914930024,-4.227783554478219
1959,-0.3665069451555329,0.09641041401717729,0.7082540346404942,0.12254628894358076,0.2093122990670246,0.12736952954337458,0.1578621634352184,-9776.79973786088,-4.80676752936014,0.08125888407443521,-4.559481905042718
1960,-0.3756137410460858,0.1063636009960389,0.7013110320181208,0.11761816953174187,0.21185973819520065,0.1243828799004431,0.1578621634352184,-9777.071042187887,-4.724287066795266,0.0821490819851879,-5.014712104593958
1961,0.0004910925005273259,0.09697694469821723,0.6947947464435108,0.208278142728109,0.20025352795442325,0.14037177277531515,0.1578621634352184,-9778.83759619485,-4.840196617686681,0.07826109321576227,-4.711361660669369
1962,-0.36722870048460926,0.1049368873251882,0.7135134043182461,0.10858457590384796,0.20625826354030777,0.13324372362676695,0.1578621634352184,-9777.565420292516,-4.818014284721865,0.08009449649936383,-4.958533291604326
1963,-0.3885767165971737,0.10404258451723254,0.7113448870493141,0.10738207462093002,0.21031218077401093,0.1272870617593631,0.1578621634352184,-9777.460019316259,-4.821599339571508,0.08162165173777663,-5.193206334026578
1964,-0.3714304478837399,0.10927617897205111,0.7091561975608796,0.10793144085933631,0.20453957592722583,-0.13642101226002884,0.1578621634352184,-9778.133600214147,-4.9601198837195115,0.07942600321745413,-5.307422585317709
1965,-0.35657370287309154,0.10507644311002472,0.7320557131840181,0.09234985596946332,0.1970372563406449,0.145847781201139,0.1578621634352184,-9778.662358835198,-5.058344122651323,0.07679362825528002,-4.997949532835506
1966,0.0010767519910238295,0.09489285804620393,0.7216583683683253,0.18386550605153829,0.18563177144204984,0.15796924290147002,0.1578621634352184,-9780.037378971567,-5.0356969611871145,0.07321596643333818,-5.317496381114924
1967,-0.0011845507506003552,0.08147576485667463,0.7513535629165805,0.16723147436837446,0.18111345940662887,0.16207973666967831,0.1578621634352184,-9780.380717345099,-5.11083832993533,0.07186469751613332,-5.5600496450789905
1968,0.00031753597492767014,0.11233948443598082,0.698920630416505,0.18930052810377368,0.18792078592795242,0.1550785660851846,0.1578621634352184,-9779.735022464847,-5.2265057604137395,0.07379439858937131,-5.701734761359721
1969,0.0002519111601493036,0.12332973378184231,0.6605875221308801,0.21667176943270813,0.20871245622727014,0.12945649351508254,0.1578621634352184,-9779.606919307678,-5.338500389794154,0.08112197910997886,-5.366736839773661
1970,0.0011992012340236603,0.1221321801956449,0.6733032499486387,0.2053258091081141,0.20625493247103835,0.13246117253542522,0.1578621634352184,-9779.465871405158,-5.323045715998378,0.08022942042117419,-5.538773161127892
1971,-0.021227102219420663,1.1024070281858265,-0.0756793549236737,-0.030755932260337605,7.395432038569976e-09,0.23468508775440902,0.1578621634352184,-9775.691220549437,-5.331021870639835,0.03996780729348828,-5.2684627358798615
1972,0.0001477502496753225,0.11947047988681861,0.7083047127341475,0.1729449582042995,0.19217044063836183,0.1489410625436108,0.1578621634352184,-9779.164865987392,-5.346700785371888,0.07521835016860234,-5.353033726037022
1973,-0.00045611981714416646,0.11299741315805097,0.7270189437945271,0.16057255464147874,0.18960041541215034,0.15146114940082347,0.1578621634352184,-9779.244243962696,-5.332082643432178,0.07442122864583847,-5.138283003301595
1974,-0.007545871886599749,1.370005096363946,-0.3810392417497886,0.009610893113028564,2.839729075542931e-06,0.2353967023924736,0.1578621634352184,-9776.901744061559,-5.256576915925172,0.0399977266117382,-5.657338689766554
1975,0.0022751232906522735,0.9254512507900657,0.08609810769159847,-0.010751574663134447,0.017354516718415258,0.2345069386902901,0.1578621634352184,-9779.478241771021,-5.368927825548392,0.04137960872547315,-5.391437647989864
1976,-0.02964180640731763,1.0178016865515103,0.012796818540164824,-0.03621572021902032,-1.7482529623046953e-08,0.234843287788584,0.1578621634352184,-9775.849061162984,-5.336623097341891,0.03997445949654503,-4.848266981444086
1977,-9.899414080368965e-05,-0.08180324279561652,1.1972847786256953,-0.11473918328502014,0.03768852128122273,0.23186243721337624,0.1578621634352184,-9779.974072775593,-5.238005800580381,0.04225564686150068,-5.346590189456692
1978,0.0005110227667842355,-0.05260850483209357,1.1672599408651139,-0.11380226047079829,0.04126761599700805,0.23123698456623343,0.1578621634352184,-9780.136320479038,-5.270312090593932,0.04262172364795852,-5.207931917846138
1979,0.0006158410998793129,0.11779114854464573,0.7115796105786314,0.17123913167776555,0.21570123528212476,0.11596533871283224,0.1578621634352184,-9778.627453097288,-5.252743566529042,0.08393299711558239,-5.212410201033415
1980,0.0005298055674037697,0.12850583008280014,0.6937325985321152,0.1783116334729803,0.22238952261925538,0.10440657394320568,0.1578621634352184,-9778.185319693212,-5.207592288477275,0.08642317956743653,-5.3435273875391776
1981,-0.018798638956143483,1.3045224057933964,-0.320467565511251,0.012381616563478259,2.011970687519268e-08,0.23289070350103372,0.1578621634352184,-9772.448490070263,-5.260764541867496,0.03989230374363921,-5.202808408871851
1982,0.0030155907258133914,0.028816906651388353,1.049240068156438,-0.07671274541324694,0.06338732190689648,0.22346590418281026,0.1578621634352184,-9777.14216358441,-5.262250223000193,0.04506504626976837,-5.545938575374161
1983,0.002028114219747178,-0.149058764755197,1.20669721334683,-0.05619215017188228,0.08134963097642484,0.21355650591154157,0.1578621634352184,-9775.326771164138,-5.319890276766197,0.04833628229785311,-5.519819360315617
1984,0.0030924854784629705,1.0714751453736122,-0.10213792716205375,0.0316660116674176,0.02821730705121671,0.22802812619898719,0.1578621634352184,-9772.77558514801,-5.378518804991602,0.04300631889539199,-5.2874735099220045
1985,0.002764395241354512,1.1625426891428359,-0.19498196482119484,0.033294627078992084,0.023237744238676944,0.2282999700789624,0.1578621634352184,-9772.24778260141,-5.345617387260236,0.04299060433614877,-5.668820383097996
1986,0.0032825636821909457,1.168448658500541,-0.20431070017515784,0.036837017922656534,0.023963629949163845,0.22866271234602786,0.1578621634352184,-9772.93677550502,-5.429625402164734,0.04319753653051049,-5.4183878764409465
1987,0.00014995920111207788,0.09326441572992317,0.8067228182374147,0.10092552853664467,0.19751884514647877,0.13065916683454457,0.1578621634352184,-9772.564512585008,-5.443609164510862,0.07733631173618921,-5.346978010725878
1988,0.0020954919913068687,1.2205330617610095,-0.2628468129591361,0.04301305855149096,-0.02100685434609706,0.22601344180972488,0.1578621634352184,-9768.799899423597,-5.391909417930815,0.04297547455336886,-5.060690913881732
1989,0.0022599506084494776,1.172230145142965,-0.2219398516074016,0.050497079201722334,0.02550745918823629,0.2257501341224089,0.1578621634352184,-9769.13404242708,-5.302967623896399,0.04321042992154702,-5.458841119017705
1990,0.0022923479977026593,1.1330606613487273,-0.18854631772187413,0.056339761665057136,0.028029946856181084,0.22573471176470333,0.1578621634352184,-9769.46239023365,-5.3535891844609855,0.04317397099210345,-5.1786056950782555
1991,0.0029580000980702417,1.130801388713585,-0.18529475028714693,0.05546066171530496,-0.027370455773575594,0.22573265211845484,0.1578621634352184,-9769.302238398104,-5.307341511575064,0.043027973934888344,-4.576174759723626
1992,0.0019448867667658481,1.0587652017594098,-0.12114755270657088,0.06319659592637716,0.03375649602863652,0.22675375706946888,0.1578621634352184,-9772.329481199431,-5.118912216179029,0.043447988919716726,-5.3490386152488405
1993,-0.0003347762576977475,1.0499100748212178,-0.1033996761568286,0.05384858400162111,0.028805728636784635,0.2281974132328958,0.1578621634352184,-9772.262648120952,-5.212113982283185,0.042617503604147705,-4.802799374703667
1994,-0.047779840842197385,1.0775659755083073,-0.09868864811550657,0.012049477514069068,-4.1341793979449255e-08,0.23027882539244657,0.1578621634352184,-9769.264107112176,-5.118557444586029,0.03978227679789748,-4.884262697244722
1995,-0.001029558491828903,-0.4315460383275359,1.4840157708540695,-0.05145871030816377,0.002279403183530716,0.2301450779342019,0.1578621634352184,-9774.135206218374,-5.11295514436708,0.039892396050165424,-5.0287020067221375
1996,-0.040122417731965,1.1376715121485095,-0.15839771699582073,0.013097033200493331,-1.969875127343746e-07,0.22989662286997017,0.1578621634352184,-9768.697017208027,-5.091590028403275,0.039766164004438984,-4.966222424554488
1997,-0.14115351949244873,-0.3050418508845988,1.4280885479686014,-0.14993336235899482,2.0060689498802751e-07,0.23004031421073412,0.1578621634352184,-9771.709166595458,-5.077951627796401,0.039772222988338976,-4.770644066629911
1998,0.0002395716972161454,0.09292732220692199,0.7634512033146374,0.1440120116749834,0.20571707101136338,0.12021099732984666,0.1578621634352184,-9772.726582333089,-4.95970541424439,0.08016300256432715,-5.15709544292785
1999,0.0003370990653200701,0.09634846732739638,0.7503037870604536,0.15380404165101663,0.2116950194534123,0.11211361699533648,0.1578621634352184,-9773.441248145,-5.030917136036678,0.0823912545035868,-5.386092397244149
2000,0.00029364532787839884,0.10467467982451834,0.7181354748752038,0.17773207852112693,0.2203166878948244,0.09863289262310937,0.1578621634352184,-9774.070161133244,-5.134729544955834,0.08562876891236934,-4.8394699772653444
2001,0.0029857351054076147,1.1995567236961175,-0.2550448722182471,0.05628738227936517,0.024456511225893866,0.22665635784840865,0.1578621634352184,-9770.12303774879,-5.083330476990885,0.04335854924241475,-5.26054445487118
2002,-0.8749359292234178,0.09411104012802238,0.7487174010242791,-0.015496281982123928,0.21498203408529515,0.10525944896538172,0.1578621634352184,-9770.723928085761,-5.096414082066342,0.0832616066010036,-4.542450454348287
2003,0.00031391095737220607,0.06723452116885345,0.8090626881024277,0.1242120220262147,0.18220786467561664,0.15155141221643406,0.1578621634352184,-9775.420946061593,-5.008271621156257,0.07224015024356868,-4.669269267818252
2004,0.0006693192169521434,-0.10805218251184023,1.107989583422472,0.0008044044430033342,0.09900341670418036,0.2077131665772966,0.1578621634352184,-9776.494680926293,-4.931720685897385,0.05139740149746796,-4.910380900242009
2005,0.00039133823346486026,0.07498174971750993,0.7827835573803633,0.14254751787852893,0.19262029788707563,0.13912881362463048,0.1578621634352184,-9773.909025135616,-4.8971907960677035,0.07564728610932943,-4.902807786015807
2006,0.00040956663429031877,0.08346006521008395,0.7447893526262952,0.17198661868574674,0.20897797308734842,0.11702766262666814,0.1578621634352184,-9773.522039429949,-4.925180296139517,0.08145965428686797,-5.155889664335938
2007,0.0002464408651916002,0.07945791343905279,0.7172875800161778,0.2034581216878554,0.2193432511764617,0.0973945001660907,0.1578621634352184,-9772.447201204986,-4.952370925228289,0.08542339966943414,-4.821701857604092
2008,0.0006082497586866367,0.08308093687204948,0.6915186646522145,0.22556824308448997,0.2272041549668366,0.07594795385163206,0.1578621634352184,-9770.430738500907,-4.961402580440716,0.08843010794521189,-4.821960222773671
2009,0.002558799233790503,1.3055776055359032,-0.4012210629643993,0.09634061151550308,2.3661925784624193e-05,0.22852627128075798,0.1578621634352184,-9768.731674485185,-4.98061261863387,0.039804022764774495,-4.517371280377459
2010,0.0002470230493178166,0.09227889873166929,0.6981243593855946,0.20958052156070534,0.22739328629656314,0.07941816224749357,0.1578621634352184,-9772.065261942425,-4.839925653394546,0.08848752924898616,-4.840796359035488
2011,-0.0003096212497041825,0.08915701014637109,0.7096208660733616,0.20114298934341057,0.22127375246272163,0.09335400646648613,0.1578621634352184,-9772.265657120563,-4.8455454565945235,0.08605953429701968,-5.36580851323232
2012,0.0009481260724774837,0.08172542764927712,0.7275937315682548,0.19106004848702487,0.20469835732629177,0.12371222410860448,0.1578621634352184,-9773.569563618805,-4.957651528409953,0.07980032945929003,-5.23322111405448
2013,0.0004388811782133567,0.07477331855732752,0.7583465858218255,0.16729662039186566,0.18413198381691626,0.1500702267418857,0.1578621634352184,-9774.264818757785,-5.046313718905127,0.07262145005627096,-5.107739360496055
2014,0.0039174997960973075,-0.38008710581305805,1.3798042877323646,0.001958075876265149,0.002831090650252102,0.23114214462168026,0.1578621634352184,-9774.229210353706,-5.099295039502001,0.03994215145552551,-5.451289960038173
2015,0.000588752017451853,0.08346409772576632,0.6831526624900891,0.23377077256801876,0.22054073597930252,0.09543742125137289,0.1578621634352184,-9772.238726472786,-5.179022592123026,0.08578815909863172,-4.619558843374027
2016,-3.7153902035961064e-05,0.07129343978146002,0.675714420733543,0.25303922140885626,0.22407915296925562,0.08828801416466717,0.1578621634352184,-9772.612223044369,-5.069920488477775,0.08737406456825503,-5.390492570412594
2017,0.00018785668086198203,0.06423623820456004,0.6700632323707489,0.2658544081626346,0.227470059403993,0.07765692366441632,0.1578621634352184,-9771.946036735864,-5.098428252848643,0.08881354113141274,-4.9830573560602565
2018,0.00077032646419875,0.057465124287256,0.6899342098112177,0.25286430613103233,0.21984618944225534,0.09448220217310524,0.1578621634352184,-9771.968229766764,-5.080399133702905,0.08579257436069966,-5.348734071608447
2019,0.0005837115153269038,0.06219801485322475,0.6941019168710223,0.2440593869621944,0.22252192940269516,0.0895612240135734,0.1578621634352184,-9772.337742255304,-5.139100384249038,0.08684225664232537,-5.086979598674732
2020,0.0003712687008637025,0.05802908170553003,0.7154099459918536,0.22692275068161474,0.21101580934625436,0.11167001873561777,0.1578621634352184,-9772.560432734877,-5.105758413104565,0.08236305327097881,-5.307553392897152
2021,0.0005450347671040368,0.04722591796199424,0.7415933368215071,0.2116576999866553,0.20181311714316896,0.12600797862313384,0.1578621634352184,-9773.12336638864,-5.188687753362473,0.07905691814611557,-5.090823438594227
2022,0.00023743642032955455,0.04440617988014482,0.7456818684335038,0.21028155365488244,0.19138761563565304,0.13867164217514139,0.1578621634352184,-9771.825353853625,-5.1376594118968875,0.0752513518307508,-5.123841429450329
2023,0.0004968132324021289,0.04004847942034749,0.7620845945044261,0.19827624826631174,0.18910800358436097,0.14174564469020973,0.1578621634352184,-9772.26902012398,-5.147032213362496,0.0745524619651405,-5.240713642282119
2024,0.0006430429691953392,0.03322802299800817,0.7394023300784496,0.2277551131697471,0.2010691594467381,0.12498203166492541,0.1578621634352184,-9771.288238241537,-5.144526499294854,0.07886410740101688,-5.370720768816978
2025,-5.776359898332721e-05,0.04855051543924546,0.6814152829257181,0.27022037183383,0.2198625463662366,0.0865755668757618,0.1578621634352184,-9767.342629372937,-5.206055835635989,0.08572643165687738,-5.316610188641386
2026,0.001346757435277238,0.04845085747168221,0.6866234916011811,0.26543169265192657,0.21709635489383944,0.09272371936938895,0.1578621634352184,-9767.446985073302,-5.222225043333759,0.08462795485642546,-6.764282236573253
2027,-0.0002664238610080006,0.065128594234726,0.6915261909786201,0.2439644105126345,0.22763434935797178,0.09244023371145425,0.1578621634352184,-9779.855975379694,-5.564379687588623,0.08923953861295886,-5.228465937731851
2028,0.0025575068694013263,1.3207889541334779,-0.4048461900689748,0.084738313873115,1.1382142372746808e-05,0.23612823567083313,0.1578621634352184,-9775.917965904877,-5.447777711734836,0.04013526731353674,-5.036205768982831
2029,-3.1039490844912616,0.05059805288856346,0.5484961117524604,-0.21505540009811297,0.24657829833503134,4.6196966958568804e-07,0.1578621634352184,-9777.930030229654,-5.374120083701477,0.09815838899762826,-4.877520370577452
2030,0.000632836586746457,0.06453549853541055,0.6892950695326108,0.24665985531208146,0.20432095936684694,0.13728186391776487,0.1578621634352184,-9782.718882221989,-5.256839705753632,0.08014149339691372,-5.153420448757279
2031,0.00023014442961058772,0.05725221974955772,0.7019405776808822,0.24119916935570423,0.1930617185875462,0.1497906685619526,0.1578621634352184,-9782.009383241875,-5.24431700208826,0.07604747856558905,-5.342884079579928
2032,0.0013219063227644444,1.3131125281341465,-0.4016444887969436,0.08896309753743198,9.255701922604777e-06,0.23581217677119581,0.1578621634352184,-9776.140307500023,-5.260689744789858,0.04010075614234386,-5.277350457345643
2033,0.0016369067097531183,1.312044521254243,-0.40208924489471176,0.0905264724528899,1.0303450180743282e-05,0.2357422234365661,0.1578621634352184,-9776.443931133837,-5.264959567118811,0.040099975531634593,-5.41148480424896
2034,0.0019594297412198294,-0.4537304806247608,1.3578753185237948,0.0971269805087191,0.00023086071911708182,0.23799548511749063,0.1578621634352184,-9781.289572318654,-5.299578113761761,0.0401968512668199,-5.090548536377986
2035,0.0006496068011492733,0.055589973330956735,0.7053885234097748,0.23960535701957472,0.17630214029053778,0.16629423997079235,0.1578621634352184,-9780.595646645319,-5.251118199121911,0.07025230430550669,-4.784968430460416
2036,0.00043876587903121395,0.05615637775144536,0.7093008399781885,0.23497309968865226,0.1733853105204187,0.17065737267230036,0.1578621634352184,-9782.039264100336,-5.1428496043704985,0.0693644296551725,-5.172948936840563
2037,6.61327463192491e-05,0.04727382331296627,0.6789309079992163,0.27406522987012577,0.18469566456514958,0.15659949224281328,0.1578621634352184,-9779.261193750608,-5.1354577970782955,0.07304249545697811,-5.22524299547538
2038,0.0009557028299404178,0.05148901849359462,0.6579522521733735,0.2909681891332291,0.18488209101609332,0.15495380989327087,0.1578621634352184,-9777.692048138779,-5.1694662807046,0.0729716159285066,-5.410260440790845
2039,0.00028925164230665906,0.05162698646979505,0.6589993715025093,0.28973079312404004,0.18417946464392965,0.15607609146741758,0.1578621634352184,-9778.04465469762,-5.213404469989754,0.07274232843450698,-5.306024503449189
2040,0.0005005732353917944,0.04719612233932477,0.6713342789192871,0.28185068358791654,0.1842732826740384,0.1556484205972708,0.1578621634352184,-9778.005220862404,-5.241975856721132,0.07283141457354128,-6.1472453101152125
2041,-0.0002818851103937442,0.057436656870841464,0.6585681681181668,0.2844493739506392,0.18634976483388488,0.15794637346702006,0.1578621634352184,-9782.034206818505,-5.457050070710369,0.07358879006914662,-5.393569094264426
2042,0.00037329704451553685,0.04990526749407171,0.6734123230843434,0.2772551864492385,0.18160073614647676,0.16262246168645206,0.1578621634352184,-9782.057154098926,-5.444435519960472,0.07204816143152917,-5.194595628676056
2043,-2.7090483839373434,0.06819390294107881,0.5638144440516961,-0.16628959668333454,0.2242769349994403,0.10321173180673555,0.1578621634352184,-9779.453678441287,-5.352764116541481,0.08804560356643946,-5.441144596683384
2044,0.0019020940842999295,-0.33425547648372,1.3724942372867046,-0.03726902716986071,0.0002398359085720199,0.23848932262128836,0.1578621634352184,-9781.709979943353,-5.367551107847982,0.04023289387063212,-5.54109513498408
2045,-0.00027160887144382954,-0.24578095831919908,1.322356921847124,-0.07608567909752122,0.0003076174473474802,0.23800657870200428,0.1578621634352184,-9781.237562727836,-5.401518931278223,0.040210511783862646,-4.840400736635311
2046,0.0018239137402325926,0.25197153763532676,0.791346372419593,-0.042622391865647424,0.00016511108603155705,0.2377177111762488,0.1578621634352184,-9780.24290047962,-5.263771593928797,0.04020926890292974,-4.9714648697495125
2047,-2.980016687051548,0.07814317025795908,0.5005840658855771,-0.1680570518741624,0.23890767328017057,-0.06115178336280398,0.1578621634352184,-9777.603206915881,-5.1374789699530075,0.09421233838503995,-4.969050764807649
2048,0.00020940580134206705,0.07869105545717756,0.6483877666541088,0.2731853689653674,0.18465003951216724,0.15917640081956458,0.1578621634352184,-9781.107659032306,-5.153840892024631,0.07277289627184963,-5.0518701555020336
2049,0.00025337727338142844,0.0841536198747787,0.6480877666362292,0.268001099674827,0.18668868847590392,0.15728586028609381,0.1578621634352184,-9781.194548737629,-5.120517282529733,0.0734398192480882,-5.208992960846054
2050,-0.07616783336780757,0.35741157897826636,0.7711086234361983,-0.14305424238662903,6.765941360947321e-09,0.2377674658796528,0.1578621634352184,-9779.383006087412,-5.174366505267589,0.04009732566147392,-4.866105421061484
2051,0.0005499205078305969,0.0802631622032665,0.6836873140351449,0.23634862733212453,0.18167017401271957,0.16255778814757718,0.1578621634352184,-9781.574695581881,-5.091214782881561,0.07185143211494896,-5.006258916763613
2052,0.001340813421620507,0.06284003856109252,0.9254499676883445,0.012456838968797134,0.00021797425367111944,0.23809216059198646,0.1578621634352184,-9781.624479207694,-5.117126413060856,0.040208031360513735,-5.038833857361926
2053,-2.84064821383069,0.08708724928651623,0.5029716740899575,-0.15434343523314153,0.24816388182971533,-2.3063902947926909e-07,0.1578621634352184,-9778.48148233355,-5.057317501577345,0.09824922568343485,-5.137866679815877
2054,0.005121142970118737,1.3094854056685288,-0.3917880526270792,0.0834645251363238,1.572447824143838e-05,0.23541433191850647,0.1578621634352184,-9775.879322881183,-5.1372220435788405,0.04014985836306069,-5.1070765291101035
2055,0.0014993450322421209,0.08281015369777212,0.7035732957407024,0.21417204231976977,0.17359221695328617,0.16970016007573824,0.1578621634352184,-9781.231194183769,-5.101009740111405,0.06920877079416567,-5.036593549013661
2056,0.0013098286834968824,0.07148696707661259,0.7226993108648672,0.20635054038163245,0.16409532360719725,0.17745811280796459,0.1578621634352184,-9781.172856034333,-5.10292984757059,0.06631989612404142,-5.0131533516717415
2057,0.0007982691543755357,0.09955171018129848,0.67888872843389,0.22197481052954332,0.18246430508315992,0.16191304616553537,0.1578621634352184,-9781.486725016517,-5.087911436975172,0.07198240468723155,-5.07921103234207
2058,0.0005156578778029435,1.193077638283907,-0.307581119654435,0.1148347070383316,0.002046359130258064,0.23525830915271412,0.1578621634352184,-9776.518501911765,-5.1169714948770615,0.04009401729918982,-5.140649845998695
2059,-1.853471324208378,0.10649822836616121,0.573426163580556,-0.045279015651567674,0.22952394755813704,0.09247763473700557,0.1578621634352184,-9777.48910533036,-5.0926924689770106,0.08936314628328906,-4.925240072228609
2060,0.0019440332488125061,0.03871486866172017,0.7554448507422931,0.2065443241091451,0.13463865619844645,0.1975493677574402,0.1578621634352184,-9780.460656576037,-5.073582721399371,0.05818253868031038,-5.429938601361049
2061,0.00215912122128959,0.9923316614271142,-0.18862696511495966,0.19707014049554156,0.0001396999987178723,0.23608106966021536,0.1578621634352184,-9778.194126760343,-5.1815934628148845,0.04009702200393692,-4.881299773349665
2062,0.0012638944569531713,-0.3486098987218602,1.1287520120506729,0.22073207786963206,0.0008958135745205264,0.23757135306452265,0.1578621634352184,-9780.37929656969,-5.110025508729846,0.04016487389360962,-5.266578743542509
2063,0.00042400024416141315,0.019041202931917897,0.6950759399360753,0.2861575476653541,0.1552630754272747,0.18112120775630364,0.1578621634352184,-9778.09980317811,-5.133896390624923,0.06377043364644727,-5.206691678818943
2064,0.0010198231772036437,0.035460714398440424,0.675313742986993,0.2895776275975712,0.16515758463195304,0.17337535737401416,0.1578621634352184,-9778.022481334481,-5.152371863135713,0.06662950328873012,-4.900572574921624
2065,-0.017783096755274487,1.4244966478798728,-0.4563236847590517,0.028418612946587138,0.0030877123957520256,0.23511190596345288,0.1578621634352184,-9773.820888388353,-5.106957036561675,0.040939914564524504,-4.9980017372610055
2066,0.00013431426848906574,0.04497267039924808,0.6781684310025111,0.27684681423782553,0.17695978432745946,0.16241437016652352,0.1578621634352184,-9777.855350718382,-5.061388097953657,0.07035811815208845,-5.112792770173293
2067,-3.893940578652739,-0.08333626705095104,0.9487105226835297,-0.6397962803317776,6.17145445510107e-08,0.23393844191653126,0.1578621634352184,-9771.494464932915,-5.091480844087148,0.039944579343002655,-5.117136919337548
2068,0.0013685205555753121,0.4630435144844965,0.5704055650978975,-0.032932670949694154,0.0006689697265080711,0.23495745862533296,0.1578621634352184,-9776.28274072139,-5.125149036105991,0.04008993228219245,-3.949880157856439
2069,0.0015086833620732403,0.06203405488584582,0.6923092629014547,0.24570315145804558,0.1944972022643779,-0.14965918766392697,0.1578621634352184,-9783.002455597416,-4.832883319346147,0.0765429451824514,-4.835610848050805
2070,-0.0005201617962256316,0.058394347620526775,0.7262433761104932,0.21505106572699545,0.18700217253448448,0.1579360718102711,0.1578621634352184,-9783.084395133696,-4.833236242152511,0.07401401503026722,-4.960652764139089
2071,0.000608402954104694,0.06562174593382564,0.7375763242938214,0.1967811645815522,0.18337976457636754,0.16205568740823895,0.1578621634352184,-9783.075942415435,-4.879888646742894,0.07276595375620509,-4.956203625059554
2072,-1.7186518009011427,-0.04919486096440216,1.0581017799915493,-0.3492063723578668,-0.10483666215544069,-0.21166133740755882,0.1578621634352184,-9776.987984561318,-4.926113126054147,0.05275475530546195,-5.092530521243179
2073,0.0012434827346877316,-0.13606772401284467,1.1444389416628131,-0.007858407309268293,0.08382098596364793,0.22059618427733818,0.1578621634352184,-9781.88289914645,-4.9672248324325885,0.048801281939684804,-4.957011773380083
2074,0.0030096430318985188,-0.05737358668928948,1.0463108332178535,0.011892450699870646,0.10469377356430193,0.21214419990991495,0.1578621634352184,-9781.347785026395,-4.99499039168163,0.05253506642492906,-4.47490594945117
2075,0.002456640149887283,-0.023314582603781622,1.0021252047062048,0.021805229327161012,0.11131236960470708,0.21049283844959182,0.1578621634352184,-9782.571925467406,-4.868788693097925,0.053805588789230765,-4.836105957326498
2076,0.0018133961317915645,0.03809393385875593,0.9205636153857841,0.04182193983267418,0.12404720574787463,0.20496603956297776,0.1578621634352184,-9782.77770230948,-4.862139590618771,0.056361956954757854,-4.434427297885183
2077,0.0022698786486018965,-0.004147213667216954,0.9734605437701913,0.031241254250372642,0.12151299700618698,0.20579944885064005,0.1578621634352184,-9783.695138747002,-4.781218278244722,0.05606828051466628,-4.3555140158165
2078,0.0018703690850353782,0.01434245431328358,0.9530805260441748,0.0329684144255566,0.1298578964439614,0.20207770141129844,0.1578621634352184,-9785.072137573896,-4.681347318673185,0.05807115767765628,-4.669514949982537
2079,-1.55948055771783,-0.05976686970612026,1.0648639003988625,-0.3115865347781911,0.10409821439840802,-0.21298159159956526,0.1578621634352184,-9780.2614439295,-4.724318520541152,0.05247002783105492,-4.728448110439405
2080,-1.5737157972950642,-0.1789939174231519,1.2266590369959234,-0.35683985554054365,0.08767056766508194,-0.21793329467162145,0.1578621634352184,-9780.629409072697,-4.765122859434116,0.04995957962815996,-4.204987392947359
2081,-1.6833895445162699,0.019976192471907746,0.9251102725063423,-0.2761247621868199,0.1250305335534131,-0.20285538592881308,0.1578621634352184,-9779.44120538874,-4.6421166525225965,0.05657131197597236,-4.601054471269422
2082,0.003053806690108622,0.07754369827472661,0.8161669796402555,0.10672527707545584,0.1558554134925702,0.1855159622375568,0.1578621634352184,-9784.065507415602,-4.6177078850137425,0.0643195494712639,-4.395860803518268
2083,-0.0007963104256125011,0.07894468628826451,0.8173231791502911,0.10343516272212239,0.15759863658929796,0.18482764203027363,0.1578621634352184,-9785.040926874619,-4.591038014796169,0.06485865051364864,-4.915526948312724
2084,0.0008249980920643648,0.02291043381167117,0.887522803328181,0.08972707591120826,0.13813965663262878,0.1983248543259386,0.1578621634352184,-9786.100464572894,-4.678510621056984,0.0598769278332911,-4.7766405381028205
2085,-1.724674259966866,-0.12002331638158495,1.0986006391061949,-0.3166852364571342,0.10601189481537238,0.21119263395258164,0.1578621634352184,-9781.044578292334,-4.758928052192717,0.05316812236420575,-5.080649100164581
2086,-1.8188639834545972,-0.06706059117911403,1.0071241885221902,-0.29645960376779923,0.11754245903161514,0.2065158850127061,0.1578621634352184,-9779.429974131552,-4.856471715503424,0.05531704677972735,-4.8155399131603085
2087,-1.8236779394936051,-0.1330743382981892,1.1035519031562906,-0.3271991183756727,0.10744129775931124,0.2078341067455301,0.1578621634352184,-9775.50597034492,-4.861708432801599,0.05350721628484822,-4.329247928494715
2088,0.002324191688053084,-0.05600093147041037,0.8487673937902296,0.20743895088822073,0.11788382086247959,0.20536628819442776,0.1578621634352184,-9777.015597295882,-4.733777698092115,0.05467419419175013,-4.825477741710437
2089,0.002359380643196243,-0.07548092599747316,0.8713740093008479,0.20435201362507865,0.11217415175536188,0.20833849004112143,0.1578621634352184,-9777.131416864502,-4.744169019358631,0.05350895558265423,-4.5617018559578275
2090,0.0021167700194113137,-0.2674723454269788,1.1268399288467341,0.14090395505810388,0.0726903480000746,0.22196447406403533,0.1578621634352184,-9776.491493781316,-4.745344664152823,0.04703790246739557,-4.658672822403435
2091,0.0018735311298466017,-0.06764416159488398,0.7332430106725192,0.3342875881932994,0.12538180446589126,0.19967366801875006,0.1578621634352184,-9774.460301704677,-4.713801695050223,0.05624404396291501,-4.593626642130828
2092,0.0013325935980154583,-0.1106809071371494,0.7850956702257977,0.3253411308599438,0.11596438333690123,0.20396499066902174,0.1578621634352184,-9774.18389886846,-4.70081680156917,0.05432181714424396,-4.870323671469071
2093,0.0024053635210683185,-0.08549203639859529,0.647568486092821,0.4377980439601218,0.12436399292350914,0.19914688978955325,0.1578621634352184,-9773.284779628442,-4.755667013716035,0.05595801162940077,-4.62587902041533
2094,0.001749337685087123,-0.07960594374064663,0.6578515320475371,0.42146518001714706,0.12733680807696704,0.19751900112397747,0.1578621634352184,-9773.384874441801,-4.732587964071088,0.05667854768431779,-4.968188616137663
2095,0.0015728420117798111,-0.6768037220950185,-0.34127541612821083,2.017355409056449,5.016800085651054e-06,0.2353581982258301,0.1578621634352184,-9773.477287959293,-4.816790812102195,0.04004664020536208,-4.870026143490938
2096,0.0010410491291176942,-0.10798513169658316,0.6082460252611571,0.49929715545745,0.11888931320823279,0.2016137016092091,0.1578621634352184,-9772.87069724126,-4.817423075134705,0.0547247966986382,-4.806361262602044
2097,0.001081578902169761,0.053157027934777765,0.18906936926635787,0.7575182910194571,5.7815866930216845e-05,0.23548256747543847,0.1578621634352184,-9772.995144811293,-4.831382595168839,0.040053702607248096,-4.668142377798936
2098,0.0006728342183235211,-0.10448019485000189,0.623000981008679,0.4809569241499486,0.12071836151572293,0.2007013966805954,0.1578621634352184,-9772.988781480326,-4.7863118939264115,0.05516043378349103,-5.089183779395185
2099,0.0013591773401054837,-0.17163637101770512,0.6216956320968025,0.549662724769761,0.09924890482205403,0.21140792849873574,0.1578621634352184,-9773.407874589953,-4.860049786901559,0.050763782908513085,-4.126193239512584
2100,0.00051033222422395,-0.11991117717371276,0.6823690189205212,0.4369359425461844,0.11896677128947815,0.20377084671174067,0.1578621634352184,-9775.84593880824,-4.716873644357468,0.05501065959397794,-4.822649660916242
2101,-2.0156731495773963,-0.01810752420564128,0.7377054241107529,-0.11428627719246266,0.15964008395892812,0.17746046011658284,0.1578621634352184,-9774.136011665645,-4.754232742296053,0.06530455370184887,-4.23295133982425
2102,0.0004669218348406042,-0.07193502365569147,0.6684246708093594,0.40278969127957454,0.14327497009316456,0.18957217168918128,0.1578621634352184,-9776.608891689148,-4.641617428361138,0.06102204322716542,-4.384294579494093
2103,0.0005925410582923298,-0.04975924164158048,0.6721934830027132,0.3768267499104955,0.149381436259795,0.18583095569157487,0.1578621634352184,-9776.95404259778,-4.590102436757403,0.06259568750736016,-4.673191083938301
2104,-2.035538849689872,0.00026664813051895,0.6041026055462866,-0.0037827579003315826,0.18624258224124673,0.15314292799800727,0.1578621634352184,-9775.853526806626,-4.62570104871544,0.07366984426954178,-4.610594326113319
2105,0.00030526569066578654,-0.06349521020862112,0.6706847821112172,0.39203932721249535,0.14313014395981466,0.19000753721016622,0.1578621634352184,-9776.733991070045,-4.649447337418394,0.06091193046698066,-4.802187800741609
2106,0.000457426649333299,-0.07026037229783948,0.6741018293459833,0.39544562848330833,0.14006950320227024,0.1921085849582677,0.1578621634352184,-9776.808468188781,-4.67111400283348,0.06012212669911506,-4.849532411054087
2107,0.00016802611155964002,-0.10677900105200325,0.7492137904348111,0.3568854426649154,0.12461730472513746,0.20128079502713747,0.1578621634352184,-9776.906508254693,-4.736354332647594,0.05644158847453055,-4.510935421078394
2108,-1.707940071566509,-0.05875471411391603,0.8856411207136383,-0.16237653864181462,0.14178073717974574,0.18968798023746924,0.1578621634352184,-9774.522431223015,-4.739478442633555,0.060775854120301086,-4.996463918678863
2109,0.0012162340301542186,-0.08663876122542225,0.6616705095239992,0.4242451809897486,0.14201130715748295,0.1890684436789666,0.1578621634352184,-9775.739108483018,-4.74664404335891,0.06075408547943424,-4.691617559953126
2110,0.0007080938127053707,-0.13804386662408785,0.7293313457343804,0.40797727267071515,0.12701273432116056,0.19767477225137337,0.1578621634352184,-9775.624507616976,-4.763761116152449,0.05724576715621319,-5.060201975554033
2111,0.0005903669549597528,-0.0864894305632429,0.6379274069388903,0.4478617688708848,0.14646921972483357,0.1849983615229872,0.1578621634352184,-9774.942233678075,-4.8072093544873535,0.061977657441772825,-4.009820643628021
2112,0.00459224731233965,-0.08286818790844289,0.6603588887433149,0.42238964798230727,0.15411380522536322,-0.1822505423589439,0.1578621634352184,-9778.195416684055,-4.6651059082298225,0.06436940035828057,-4.512183805866727
2113,-1.0324914947110461e-05,-0.06921415484662183,0.6680055546467765,0.40020458857250574,0.1553637646735721,0.18153244126447105,0.1578621634352184,-9778.01089399951,-4.615375513346842,0.06460348931543508,-4.514186494218642
2114,0.00011384661395651526,-0.06830473943346921,0.6710723746104053,0.3962240113206396,0.15576758726163575,0.1811885109363079,0.1578621634352184,-9778.040511889769,-4.5998827481630675,0.0647207385815732,-4.45935349271058
